   1.0000000e+00   1.0394386e+00   1.0201334e+00   1.0181953e+00   1.0154421e+00   1.0155562e+00   1.0153147e+00   1.0239079e+00   1.0193146e+00   1.0260889e+00
   2.0000000e+00   1.0073238e+00   9.9572188e-01   1.0023760e+00   1.0030963e+00   1.0010926e+00   1.0035317e+00   1.0063693e+00   9.9327847e-01   1.0075561e+00
   3.0000000e+00   1.0230036e+00   1.0139391e+00   1.0134890e+00   1.0073167e+00   1.0127825e+00   1.0126690e+00   1.0149545e+00   1.0083664e+00   1.0174632e+00
   4.0000000e+00   1.0128684e+00   1.0178409e+00   1.0028461e+00   1.0086011e+00   1.0102513e+00   1.0038917e+00   1.0051164e+00   1.0139341e+00   1.0127359e+00
   5.0000000e+00   9.8382014e-01   9.9444572e-01   1.0047354e+00   1.0088560e+00   1.0007979e+00   1.0085421e+00   1.0029420e+00   1.0002030e+00   9.9823291e-01
   6.0000000e+00   1.0387015e+00   1.0048983e+00   1.0166958e+00   1.0108214e+00   1.0187513e+00   1.0131180e+00   1.0151690e+00   1.0236667e+00   1.0048773e+00
   7.0000000e+00   1.0163540e+00   1.0187667e+00   1.0093031e+00   1.0198266e+00   1.0062057e+00   1.0036661e+00   1.0105464e+00   1.0219879e+00   9.9873951e-01
   8.0000000e+00   1.0228976e+00   1.0225760e+00   1.0139076e+00   1.0127032e+00   1.0154505e+00   1.0140305e+00   1.0218696e+00   1.0132646e+00   1.0085019e+00
   9.0000000e+00   1.0160420e+00   1.0130605e+00   1.0184363e+00   1.0041504e+00   1.0119999e+00   1.0040647e+00   1.0037340e+00   9.9809478e-01   1.0095513e+00
   1.0000000e+01   1.0260687e+00   1.0247173e+00   1.0230759e+00   1.0069686e+00   1.0136562e+00   1.0059651e+00   1.0134742e+00   1.0098026e+00   1.0079389e+00
   1.1000000e+01   9.8895982e-01   1.0154382e+00   1.0169937e+00   9.9719558e-01   1.0098143e+00   1.0093721e+00   1.0060466e+00   1.0087137e+00   1.0132556e+00
   1.2000000e+01   9.8452167e-01   1.0024087e+00   1.0040802e+00   1.0060839e+00   1.0064606e+00   1.0011850e+00   1.0022572e+00   1.0008604e+00   1.0059820e+00
   1.3000000e+01   1.0218776e+00   1.0142240e+00   1.0064576e+00   1.0100908e+00   1.0067457e+00   1.0085567e+00   1.0118463e+00   1.0100914e+00   1.0027935e+00
   1.4000000e+01   9.7716950e-01   1.0032810e+00   1.0035996e+00   1.0067864e+00   1.0013965e+00   9.9923299e-01   1.0006646e+00   1.0077444e+00   1.0013211e+00
   1.5000000e+01   1.0140812e+00   1.0032194e+00   1.0040184e+00   9.9345494e-01   1.0036795e+00   1.0112246e+00   9.9767851e-01   9.9080168e-01   9.9966593e-01
   1.6000000e+01   1.0519920e+00   1.0163106e+00   1.0060136e+00   1.0034186e+00   1.0058114e+00   1.0061123e+00   1.0053101e+00   1.0001148e+00   1.0046914e+00
   1.7000000e+01   1.0067853e+00   9.9757425e-01   1.0093762e+00   1.0111730e+00   1.0040950e+00   1.0067641e+00   1.0136148e+00   1.0058906e+00   1.0110940e+00
   1.8000000e+01   1.0317976e+00   1.0398544e+00   1.0045008e+00   1.0122000e+00   1.0134681e+00   1.0085547e+00   1.0170734e+00   1.0116861e+00   1.0185490e+00
   1.9000000e+01   1.0142819e+00   9.9149371e-01   1.0021430e+00   1.0169066e+00   1.0061872e+00   1.0068711e+00   1.0034691e+00   1.0059736e+00   9.8990419e-01
   2.0000000e+01   1.0031939e+00   1.0106635e+00   1.0156430e+00   1.0057654e+00   1.0038989e+00   1.0029950e+00   1.0042769e+00   1.0057505e+00   9.8968873e-01
   2.1000000e+01   1.0035016e+00   1.0142347e+00   1.0149011e+00   1.0133197e+00   1.0088805e+00   1.0165150e+00   1.0094880e+00   1.0059179e+00   1.0109930e+00
   2.2000000e+01   1.0022544e+00   1.0062365e+00   1.0149712e+00   1.0100492e+00   1.0131165e+00   1.0077520e+00   1.0065234e+00   1.0101384e+00   1.0016167e+00
   2.3000000e+01   1.0094663e+00   1.0079687e+00   1.0104917e+00   1.0023276e+00   1.0097030e+00   1.0057822e+00   1.0147034e+00   1.0064728e+00   1.0049304e+00
   2.4000000e+01   1.0149996e+00   1.0267557e+00   1.0140089e+00   1.0122732e+00   1.0204561e+00   1.0150484e+00   1.0184214e+00   1.0174440e+00   1.0140322e+00
   2.5000000e+01   1.0659797e+00   1.0186745e+00   1.0172934e+00   1.0098263e+00   1.0104200e+00   1.0049808e+00   1.0111308e+00   1.0107511e+00   1.0136820e+00
   2.6000000e+01   9.9365489e-01   1.0068417e+00   9.9876067e-01   1.0149080e+00   9.9623118e-01   1.0147574e+00   1.0081071e+00   1.0162228e+00   1.0148973e+00
   2.7000000e+01   9.9675815e-01   1.0103671e+00   1.0038858e+00   1.0116167e+00   1.0099118e+00   1.0095945e+00   1.0028317e+00   9.9886530e-01   1.0062336e+00
   2.8000000e+01   1.0050078e+00   9.9026757e-01   9.9008870e-01   9.9612705e-01   1.0018421e+00   1.0016305e+00   1.0069581e+00   1.0047285e+00   1.0078563e+00
   2.9000000e+01   9.8220455e-01   9.9277629e-01   1.0011549e+00   9.9694339e-01   1.0105361e+00   1.0078331e+00   9.9172834e-01   9.9308129e-01   1.0090717e+00
   3.0000000e+01   1.0880353e+00   9.9873712e-01   1.0140909e+00   1.0129320e+00   1.0076212e+00   1.0098933e+00   1.0070782e+00   1.0024693e+00   1.0155270e+00
   3.1000000e+01   1.0418326e+00   1.0101520e+00   1.0050805e+00   1.0101893e+00   1.0134015e+00   1.0015568e+00   1.0053691e+00   1.0188031e+00   1.0104009e+00
   3.2000000e+01   1.0199618e+00   1.0113026e+00   9.9907375e-01   1.0043106e+00   1.0009472e+00   1.0011433e+00   1.0059256e+00   1.0010980e+00   1.0275142e+00
   3.3000000e+01   9.6484431e-01   1.0188466e+00   1.0069093e+00   1.0020864e+00   9.8999738e-01   9.9352799e-01   1.0028619e+00   1.0038266e+00   9.9308480e-01
   3.4000000e+01   1.0197842e+00   9.9636906e-01   1.0045971e+00   1.0084457e+00   1.0022795e+00   1.0010173e+00   1.0116538e+00   1.0010397e+00   1.0132817e+00
   3.5000000e+01   9.9950834e-01   1.0050237e+00   1.0094950e+00   1.0021825e+00   1.0069005e+00   1.0081032e+00   1.0090469e+00   1.0005363e+00   1.0048934e+00
   3.6000000e+01   1.0150419e+00   1.0041417e+00   1.0041375e+00   1.0135005e+00   1.0068215e+00   1.0081237e+00   1.0079934e+00   1.0043390e+00   1.0110739e+00
   3.7000000e+01   9.3400949e-01   9.8789536e-01   1.0093763e+00   1.0001203e+00   9.9486866e-01   9.9966655e-01   9.9994458e-01   9.9826096e-01   1.0000175e+00
   3.8000000e+01   9.5722738e-01   1.0071183e+00   1.0021260e+00   9.9898231e-01   9.9430372e-01   1.0004552e+00   1.0066438e+00   9.8870109e-01   9.9147535e-01
   3.9000000e+01   1.0284885e+00   9.9269021e-01   1.0040346e+00   9.9588151e-01   9.9805823e-01   1.0066009e+00   9.9155749e-01   9.9238800e-01   9.9295789e-01
   4.0000000e+01   9.4956170e-01   9.8362691e-01   9.8197237e-01   9.8869696e-01   9.8965001e-01   9.9169519e-01   9.9038729e-01   9.9215077e-01   1.0044811e+00
   4.1000000e+01   1.0113534e+00   1.0004880e+00   9.9713821e-01   1.0004908e+00   9.9165349e-01   1.0012642e+00   9.9853911e-01   9.9505042e-01   9.9204384e-01
   4.2000000e+01   9.7960859e-01   1.0321391e+00   1.0006712e+00   1.0080761e+00   1.0106925e+00   1.0033494e+00   1.0080043e+00   1.0095801e+00   1.0042509e+00
   4.3000000e+01   1.0022606e+00   1.0062883e+00   1.0128561e+00   1.0038087e+00   1.0060784e+00   1.0038323e+00   1.0014221e+00   1.0004298e+00   1.0099019e+00
   4.4000000e+01   1.0150883e+00   9.9794915e-01   1.0113409e+00   1.0044200e+00   9.9880636e-01   9.9663864e-01   1.0080159e+00   1.0024083e+00   9.9995124e-01
   4.5000000e+01   9.9724699e-01   9.8861673e-01   9.9583254e-01   9.8675741e-01   9.8300046e-01   9.7387361e-01   9.9168349e-01   9.7930505e-01   9.8282483e-01
   4.6000000e+01   9.8399457e-01   9.7767060e-01   9.8817544e-01   9.8742410e-01   9.8153637e-01   9.8838799e-01   9.8690501e-01   9.8565650e-01   9.8568285e-01
   4.7000000e+01   1.0302718e+00   9.7999358e-01   1.0004958e+00   9.9121211e-01   9.9823638e-01   9.9515814e-01   9.9408578e-01   9.9432855e-01   9.9466524e-01
   4.8000000e+01   1.0153955e+00   9.8664395e-01   9.8791857e-01   9.9378383e-01   9.8540239e-01   9.9485172e-01   9.9011398e-01   9.8100970e-01   9.8726887e-01
   4.9000000e+01   9.6935648e-01   9.8916070e-01   1.0058558e+00   9.8552495e-01   9.8817325e-01   9.8976910e-01   9.9179596e-01   9.7953693e-01   9.8370663e-01
   5.0000000e+01   9.6575287e-01   9.8816555e-01   9.9458473e-01   9.8117202e-01   9.8914212e-01   9.9011963e-01   9.8544934e-01   9.8732822e-01   9.9617514e-01
   5.1000000e+01   1.0134400e+00   9.8819687e-01   9.7919517e-01   9.8220772e-01   9.8518619e-01   9.8948187e-01   9.9570181e-01   9.9461409e-01   9.9681239e-01
   5.2000000e+01   9.9667453e-01   9.9143099e-01   9.9676284e-01   9.8435699e-01   9.7272454e-01   9.7223249e-01   9.8331631e-01   9.7862681e-01   9.7979778e-01
   5.3000000e+01   1.0156453e+00   9.9666102e-01   9.8781379e-01   9.7682859e-01   9.7453367e-01   9.7457198e-01   9.8243414e-01   9.8168482e-01   9.7900912e-01
   5.4000000e+01   9.9466495e-01   9.7498139e-01   9.7294195e-01   9.7130593e-01   9.7062431e-01   9.7208194e-01   9.7495466e-01   9.7060421e-01   9.7567970e-01
   5.5000000e+01   9.6865367e-01   9.8112761e-01   9.6192149e-01   9.6478772e-01   9.7276644e-01   9.6754830e-01   9.5968905e-01   9.6437949e-01   9.6300382e-01
   5.6000000e+01   9.8487662e-01   9.7599708e-01   9.6608075e-01   9.8841856e-01   9.6851752e-01   9.8356559e-01   9.7483440e-01   9.6238318e-01   9.8847599e-01
   5.7000000e+01   9.6198098e-01   9.7044098e-01   9.7394268e-01   9.7567640e-01   9.6788910e-01   9.6971404e-01   9.6355950e-01   9.7378796e-01   9.6708609e-01
   5.8000000e+01   9.7457148e-01   9.6874946e-01   9.7653254e-01   9.6750214e-01   9.7132987e-01   9.6864241e-01   9.8043305e-01   9.7309772e-01   9.7357459e-01
   5.9000000e+01   9.7015551e-01   9.7358393e-01   9.8474792e-01   9.7246714e-01   9.8115024e-01   9.7284191e-01   9.6932643e-01   9.6558244e-01   9.7531412e-01
   6.0000000e+01   9.7300434e-01   9.8619907e-01   9.6997777e-01   9.6769845e-01   9.6872678e-01   9.6064769e-01   9.6939762e-01   9.7046515e-01   9.7667553e-01
   6.1000000e+01   9.3986838e-01   9.7192370e-01   9.6164433e-01   9.6755748e-01   9.7064866e-01   9.6402543e-01   9.7012870e-01   9.6491268e-01   9.5929952e-01
   6.2000000e+01   9.8439470e-01   9.9406746e-01   9.7934374e-01   9.8756495e-01   9.9177102e-01   9.8803601e-01   9.9181449e-01   9.7336888e-01   9.8946014e-01
   6.3000000e+01   9.9244927e-01   9.9518503e-01   9.8691473e-01   9.8922948e-01   1.0031890e+00   9.9325125e-01   9.8526236e-01   1.0013420e+00   9.8812133e-01
   6.4000000e+01   1.0030359e+00   1.0059863e+00   1.0175721e+00   1.0163735e+00   1.0143530e+00   1.0219528e+00   1.0189945e+00   1.0043639e+00   1.0174431e+00
   6.5000000e+01   9.9384417e-01   1.0028179e+00   1.0097575e+00   9.9919752e-01   1.0114542e+00   1.0103295e+00   1.0108273e+00   1.0089128e+00   1.0047664e+00
   6.6000000e+01   1.0322355e+00   1.0050911e+00   1.0045675e+00   1.0125478e+00   1.0057095e+00   1.0162469e+00   1.0098761e+00   9.9812876e-01   1.0267556e+00
   6.7000000e+01   1.0077667e+00   1.0200530e+00   1.0009922e+00   1.0108459e+00   1.0068620e+00   1.0017789e+00   1.0071325e+00   1.0016176e+00   1.0140515e+00
   6.8000000e+01   1.0280383e+00   1.0170967e+00   1.0180261e+00   1.0104063e+00   1.0226679e+00   1.0189420e+00   1.0172095e+00   1.0102743e+00   1.0193635e+00
   6.9000000e+01   9.9183132e-01   9.9379291e-01   1.0098669e+00   9.9321436e-01   1.0025502e+00   1.0027507e+00   1.0075959e+00   1.0089769e+00   1.0061048e+00
   7.0000000e+01   1.0376962e+00   1.0109700e+00   1.0001392e+00   1.0068277e+00   1.0128145e+00   1.0126154e+00   1.0023012e+00   1.0181780e+00   1.0215850e+00
   7.1000000e+01   1.0625834e+00   1.0142320e+00   1.0063141e+00   1.0141752e+00   1.0132156e+00   1.0129418e+00   1.0110764e+00   1.0176252e+00   1.0104361e+00
   7.2000000e+01   1.0049920e+00   1.0242866e+00   1.0207896e+00   1.0140818e+00   1.0154668e+00   1.0044152e+00   1.0124466e+00   1.0165444e+00   1.0055364e+00
   7.3000000e+01   1.0310094e+00   1.0209459e+00   9.9014635e-01   1.0002429e+00   1.0066466e+00   1.0007977e+00   1.0081474e+00   1.0052704e+00   1.0191988e+00
   7.4000000e+01   9.6778140e-01   1.0223468e+00   1.0186357e+00   1.0152335e+00   1.0143458e+00   1.0051987e+00   1.0163887e+00   1.0190675e+00   1.0168648e+00
   7.5000000e+01   1.0074209e+00   1.0136658e+00   1.0131740e+00   1.0164252e+00   1.0098686e+00   1.0058622e+00   1.0104796e+00   1.0039213e+00   1.0004546e+00
   7.6000000e+01   1.0178496e+00   1.0315252e+00   1.0041791e+00   1.0100574e+00   1.0097315e+00   1.0041481e+00   1.0072596e+00   1.0082964e+00   1.0253300e+00
   7.7000000e+01   9.7013966e-01   1.0008607e+00   9.9807866e-01   9.9661559e-01   1.0031198e+00   9.9667193e-01   9.9803687e-01   1.0036014e+00   1.0029734e+00
   7.8000000e+01   1.0090433e+00   1.0136512e+00   1.0144408e+00   1.0103898e+00   1.0068477e+00   1.0039043e+00   1.0133203e+00   1.0078354e+00   1.0096749e+00
   7.9000000e+01   9.7982022e-01   1.0133603e+00   9.9911685e-01   9.9939635e-01   1.0088277e+00   1.0035083e+00   1.0034322e+00   1.0009880e+00   1.0061304e+00
   8.0000000e+01   9.4132901e-01   1.0050593e+00   1.0031509e+00   1.0083813e+00   1.0101953e+00   1.0015092e+00   1.0022443e+00   1.0017115e+00   9.8711451e-01
   8.1000000e+01   9.9675290e-01   9.7902942e-01   1.0004675e+00   9.9630260e-01   9.9564590e-01   9.9225289e-01   9.8786739e-01   1.0007194e+00   9.9053798e-01
   8.2000000e+01   1.0023407e+00   9.8822440e-01   9.9647411e-01   9.8925043e-01   9.8975487e-01   9.9424011e-01   9.9531033e-01   9.8729313e-01   9.8808116e-01
   8.3000000e+01   9.8851261e-01   9.8392116e-01   1.0139508e+00   9.9136471e-01   9.9640618e-01   9.9834061e-01   9.9488618e-01   9.9291376e-01   9.8017999e-01
   8.4000000e+01   1.0269389e+00   1.0144034e+00   1.0060061e+00   9.9040381e-01   1.0057252e+00   9.9971138e-01   1.0047721e+00   9.9634004e-01   9.9410558e-01
   8.5000000e+01   1.0280936e+00   1.0030417e+00   1.0044039e+00   1.0048748e+00   9.9259721e-01   1.0157740e+00   1.0061699e+00   1.0039518e+00   1.0025400e+00
   8.6000000e+01   1.0094196e+00   1.0029974e+00   9.9463100e-01   9.9307346e-01   1.0061611e+00   1.0038362e+00   1.0031683e+00   9.9882368e-01   9.8603152e-01
   8.7000000e+01   1.0363476e+00   1.0092897e+00   1.0018431e+00   9.9755659e-01   1.0070284e+00   9.9633102e-01   1.0015298e+00   1.0052789e+00   9.9266242e-01
   8.8000000e+01   1.0319991e+00   1.0266288e+00   1.0016868e+00   1.0069000e+00   1.0064685e+00   1.0045112e+00   9.9931327e-01   9.9694571e-01   1.0008756e+00
   8.9000000e+01   1.0043541e+00   1.0070854e+00   1.0035580e+00   9.9995969e-01   1.0029001e+00   1.0056204e+00   1.0049144e+00   1.0024805e+00   1.0055341e+00
   9.0000000e+01   1.0026212e+00   9.9283764e-01   1.0097055e+00   1.0061900e+00   1.0039572e+00   1.0060264e+00   1.0032078e+00   1.0012122e+00   1.0029247e+00
   9.1000000e+01   1.0102481e+00   1.0052400e+00   9.9428016e-01   1.0008341e+00   9.9809584e-01   1.0007460e+00   9.9460818e-01   9.9628690e-01   9.9191751e-01
   9.2000000e+01   9.9875138e-01   1.0067186e+00   9.9894594e-01   9.9664864e-01   9.9952939e-01   9.9695057e-01   9.9966742e-01   9.9198729e-01   9.9635740e-01
   9.3000000e+01   9.8443270e-01   9.8725464e-01   9.9577082e-01   1.0050193e+00   9.8936340e-01   9.9229476e-01   9.9948535e-01   9.9478889e-01   9.7585494e-01
   9.4000000e+01   9.6307411e-01   1.0008126e+00   9.9976821e-01   9.9499763e-01   9.9248105e-01   9.9762438e-01   9.7982236e-01   9.8805854e-01   1.0006590e+00
   9.5000000e+01   1.0152547e+00   9.9576950e-01   9.8969899e-01   9.9313803e-01   9.8555366e-01   9.9580807e-01   9.9292284e-01   9.9413652e-01   1.0038294e+00
   9.6000000e+01   9.9852358e-01   9.9896293e-01   1.0038914e+00   1.0026264e+00   9.8934750e-01   9.9447137e-01   9.8881010e-01   9.9714115e-01   9.8875888e-01
   9.7000000e+01   9.7049900e-01   1.0136669e+00   9.9264078e-01   9.9298206e-01   1.0002813e+00   9.9208234e-01   9.9469383e-01   9.9528357e-01   9.9701778e-01
   9.8000000e+01   1.0015047e+00   9.8764637e-01   1.0004113e+00   9.8733581e-01   9.9248359e-01   9.9576003e-01   9.8424619e-01   9.9446717e-01   9.7975238e-01
   9.9000000e+01   1.0203125e+00   9.7858922e-01   1.0033232e+00   1.0059582e+00   9.9682289e-01   9.9605533e-01   9.9382978e-01   9.9296000e-01   9.8512054e-01
   1.0000000e+02   9.8365250e-01   9.7254634e-01   1.0045660e+00   9.8574180e-01   9.9107914e-01   9.9120867e-01   9.9057331e-01   9.8750839e-01   9.8805657e-01
   1.0100000e+02   7.9709528e-01   8.0504575e-01   8.4706995e-01   9.1579160e-01   9.6687890e-01   9.8125243e-01   9.8350183e-01   9.8946441e-01   1.0003388e+00
   1.0200000e+02   7.4779347e-01   7.5327499e-01   8.1186357e-01   9.0403130e-01   9.4655086e-01   9.5965556e-01   9.7802761e-01   9.6744226e-01   9.8369437e-01
   1.0300000e+02   7.3721225e-01   7.3786692e-01   7.7681195e-01   8.8443253e-01   9.3274037e-01   9.5624893e-01   9.7081397e-01   9.7735658e-01   9.8567882e-01
   1.0400000e+02   6.6432259e-01   7.0747093e-01   7.6533211e-01   8.7297460e-01   9.2630376e-01   9.5312951e-01   9.6073475e-01   9.7097644e-01   9.9004019e-01
   1.0500000e+02   6.5696441e-01   6.9437743e-01   7.4314209e-01   8.4430569e-01   9.0875311e-01   9.3510125e-01   9.4366177e-01   9.6365557e-01   9.7287466e-01
   1.0600000e+02   6.6498894e-01   6.8617032e-01   7.4982405e-01   8.3850832e-01   8.9523538e-01   9.3742340e-01   9.4682128e-01   9.7021448e-01   9.6029184e-01
   1.0700000e+02   6.6390899e-01   6.6306203e-01   7.1693577e-01   8.2266974e-01   8.7338288e-01   9.1607933e-01   9.3967653e-01   9.3133496e-01   9.6191021e-01
   1.0800000e+02   6.2065576e-01   6.6506681e-01   6.9591729e-01   8.1909399e-01   8.7139111e-01   9.0552519e-01   9.3657216e-01   9.4359067e-01   9.5942214e-01
   1.0900000e+02   6.1885613e-01   6.5506775e-01   7.0580508e-01   7.9864443e-01   8.6038398e-01   8.9454424e-01   9.1916963e-01   9.3633715e-01   9.5506080e-01
   1.1000000e+02   6.2803902e-01   6.3074104e-01   6.8006939e-01   7.8718283e-01   8.4755151e-01   8.7761938e-01   9.1171280e-01   9.2381966e-01   9.2134296e-01
   1.1100000e+02   6.3270728e-01   6.4615933e-01   6.7363548e-01   7.8058400e-01   8.4538912e-01   8.8049055e-01   9.0518194e-01   9.2967375e-01   9.2923165e-01
   1.1200000e+02   6.2847281e-01   6.1864372e-01   6.7969191e-01   7.7714745e-01   8.2981210e-01   8.7093364e-01   8.9858311e-01   9.0674383e-01   9.2666288e-01
   1.1300000e+02   6.0990460e-01   6.2634494e-01   6.8045556e-01   7.6652135e-01   8.2669854e-01   8.6427036e-01   8.9242230e-01   9.2055695e-01   9.1627691e-01
   1.1400000e+02   6.1569609e-01   6.2742690e-01   6.6141731e-01   7.6589558e-01   8.2667281e-01   8.5287454e-01   8.8628714e-01   9.0840519e-01   9.0652543e-01
   1.1500000e+02   5.6958459e-01   6.0960330e-01   6.5084120e-01   7.5082472e-01   8.0160696e-01   8.3960611e-01   8.7268193e-01   8.9309301e-01   9.0186160e-01
   1.1600000e+02   5.9628398e-01   6.0440894e-01   6.5184577e-01   7.5073972e-01   7.9845050e-01   8.3981291e-01   8.7312807e-01   8.8707558e-01   8.9320681e-01
   1.1700000e+02   5.9363138e-01   6.0916495e-01   6.3818824e-01   7.3421938e-01   7.9182013e-01   8.2904960e-01   8.7152353e-01   8.8174475e-01   8.9040144e-01
   1.1800000e+02   5.6670155e-01   5.8859519e-01   6.2308721e-01   7.2367844e-01   7.8569732e-01   8.2679627e-01   8.5323090e-01   8.6657508e-01   8.8423834e-01
   1.1900000e+02   5.6722870e-01   5.8513216e-01   6.3209533e-01   7.0620787e-01   7.6452240e-01   8.1013666e-01   8.4328496e-01   8.6198437e-01   8.7139757e-01
   1.2000000e+02   5.7215733e-01   5.8449695e-01   6.1929380e-01   7.1129122e-01   7.6558672e-01   8.0576239e-01   8.2966912e-01   8.6573329e-01   8.4870857e-01
   1.2100000e+02   5.3939962e-01   5.7462816e-01   6.2515273e-01   7.0336396e-01   7.5451423e-01   7.9810289e-01   8.2530345e-01   8.4313822e-01   8.5879045e-01
   1.2200000e+02   5.8150516e-01   5.6486323e-01   6.0605937e-01   6.9600736e-01   7.5262696e-01   7.8904508e-01   8.1508612e-01   8.4457200e-01   8.5299021e-01
   1.2300000e+02   5.2866820e-01   5.6451237e-01   5.9479984e-01   6.8086726e-01   7.4437006e-01   7.8289203e-01   7.9878126e-01   8.2738689e-01   8.5049050e-01
   1.2400000e+02   5.2828341e-01   5.5876457e-01   5.9585219e-01   6.7500934e-01   7.3847902e-01   7.7733108e-01   8.0205920e-01   8.2698968e-01   8.4311207e-01
   1.2500000e+02   5.5233160e-01   5.6390108e-01   6.0112686e-01   6.7430137e-01   7.2908770e-01   7.7043448e-01   7.9757618e-01   8.2623461e-01   8.2805710e-01
   1.2600000e+02   5.5353347e-01   5.5360038e-01   5.7884423e-01   6.7165833e-01   7.2723697e-01   7.6349441e-01   7.9641169e-01   8.0449718e-01   8.0629630e-01
   1.2700000e+02   5.5928056e-01   5.5504031e-01   5.7594375e-01   6.7527060e-01   7.2125278e-01   7.5471433e-01   7.8830226e-01   8.1259825e-01   8.2351067e-01
   1.2800000e+02   5.2269168e-01   5.3305850e-01   5.7216559e-01   6.5554433e-01   7.0994521e-01   7.4527926e-01   7.6840161e-01   7.8675083e-01   8.0932952e-01
   1.2900000e+02   5.2535661e-01   5.4022503e-01   5.5970780e-01   6.5632916e-01   7.1169445e-01   7.4355238e-01   7.7882863e-01   7.9727525e-01   8.1843534e-01
   1.3000000e+02   5.0883763e-01   5.4322210e-01   5.6319632e-01   6.4882312e-01   7.0253080e-01   7.4500356e-01   7.7122757e-01   7.8801390e-01   7.9095973e-01
   1.3100000e+02   5.0868091e-01   5.1360407e-01   5.6544709e-01   6.3062601e-01   6.8930722e-01   7.3481271e-01   7.5664807e-01   7.7530800e-01   7.9056443e-01
   1.3200000e+02   5.2396173e-01   5.0746009e-01   5.5386154e-01   6.3449422e-01   6.8478672e-01   7.1966998e-01   7.4674297e-01   7.7194783e-01   7.8593718e-01
   1.3300000e+02   5.2843885e-01   5.1164541e-01   5.4921332e-01   6.3838169e-01   6.9252397e-01   7.2423323e-01   7.4585083e-01   7.6846854e-01   7.9571480e-01
   1.3400000e+02   4.7679996e-01   5.0953458e-01   5.4500477e-01   6.1719351e-01   6.7578276e-01   7.0878739e-01   7.3743916e-01   7.6256731e-01   7.8389384e-01
   1.3500000e+02   4.6065193e-01   5.0421469e-01   5.4204070e-01   6.2574322e-01   6.6933077e-01   7.0932425e-01   7.4049602e-01   7.6749591e-01   7.7581057e-01
   1.3600000e+02   4.8542070e-01   5.2088362e-01   5.3877834e-01   6.2312325e-01   6.7432872e-01   7.1368083e-01   7.2871544e-01   7.6174071e-01   7.7814640e-01
   1.3700000e+02   4.9220290e-01   4.9199261e-01   5.3698112e-01   6.1477614e-01   6.6601070e-01   7.0039000e-01   7.2023069e-01   7.5045110e-01   7.5779565e-01
   1.3800000e+02   4.6683457e-01   4.8968305e-01   5.2590484e-01   6.0462399e-01   6.5263975e-01   6.9496100e-01   7.1643807e-01   7.4900509e-01   7.5229376e-01
   1.3900000e+02   4.9914830e-01   5.1109557e-01   5.2525844e-01   6.0482549e-01   6.5727707e-01   6.9414639e-01   7.1811477e-01   7.2928250e-01   7.6059231e-01
   1.4000000e+02   4.9420971e-01   4.9356848e-01   5.3520118e-01   5.9557276e-01   6.4467395e-01   6.7744148e-01   7.0496148e-01   7.2553050e-01   7.3813773e-01
   1.4100000e+02   4.5547429e-01   4.7529047e-01   5.1883765e-01   5.9858269e-01   6.3121411e-01   6.7295391e-01   6.9687381e-01   7.1596360e-01   7.3580256e-01
   1.4200000e+02   4.6550375e-01   4.8510110e-01   5.1244279e-01   5.8769543e-01   6.3223140e-01   6.6823632e-01   6.9065954e-01   7.1977582e-01   7.2871088e-01
   1.4300000e+02   4.6536361e-01   4.7223883e-01   5.1115876e-01   5.8143641e-01   6.2059838e-01   6.6832781e-01   6.8251853e-01   7.0817887e-01   7.3299275e-01
   1.4400000e+02   4.6615889e-01   4.7863690e-01   5.0284300e-01   5.7831688e-01   6.2082753e-01   6.5074095e-01   6.7702342e-01   7.0161059e-01   7.1919281e-01
   1.4500000e+02   4.2630685e-01   4.5640729e-01   5.0087162e-01   5.7335910e-01   6.1397778e-01   6.4813797e-01   6.7240863e-01   6.9374563e-01   7.0300226e-01
   1.4600000e+02   4.7092053e-01   4.5072158e-01   4.7987597e-01   5.6745166e-01   6.1305806e-01   6.4422977e-01   6.6915345e-01   6.9569504e-01   7.1463312e-01
   1.4700000e+02   4.4818504e-01   4.6513971e-01   4.8827441e-01   5.6279914e-01   6.1043567e-01   6.4744549e-01   6.6726089e-01   6.9647446e-01   7.1441697e-01
   1.4800000e+02   4.4142003e-01   4.6719374e-01   4.8998506e-01   5.5710016e-01   6.0147978e-01   6.3736490e-01   6.5713084e-01   6.7313477e-01   7.0396525e-01
   1.4900000e+02   4.8969665e-01   4.7897518e-01   4.8937361e-01   5.6149735e-01   5.9686985e-01   6.3498187e-01   6.5228569e-01   6.8470411e-01   7.0628719e-01
   1.5000000e+02   4.6400704e-01   4.5288135e-01   4.9571214e-01   5.6247103e-01   6.0266753e-01   6.2518077e-01   6.5807039e-01   6.8337771e-01   7.0379389e-01
   1.5100000e+02   4.6299123e-01   4.4433192e-01   4.8319461e-01   5.4864721e-01   5.8845563e-01   6.2631864e-01   6.4698398e-01   6.6947654e-01   6.8039664e-01
   1.5200000e+02   4.2698846e-01   4.3468073e-01   4.6950985e-01   5.3786908e-01   5.8329222e-01   6.1165473e-01   6.4017153e-01   6.6423442e-01   6.7179543e-01
   1.5300000e+02   3.8875696e-01   4.2949670e-01   4.6897662e-01   5.4039813e-01   5.7363036e-01   6.0431236e-01   6.3099318e-01   6.6182632e-01   6.8273183e-01
   1.5400000e+02   3.9469196e-01   4.3197158e-01   4.6284586e-01   5.3063221e-01   5.7792216e-01   6.0695096e-01   6.3185685e-01   6.5280170e-01   6.6351256e-01
   1.5500000e+02   4.1808132e-01   4.3655232e-01   4.5877481e-01   5.3168696e-01   5.6465574e-01   6.0693801e-01   6.2755381e-01   6.4884599e-01   6.6920052e-01
   1.5600000e+02   4.3904495e-01   4.1916921e-01   4.5525705e-01   5.1836719e-01   5.6062573e-01   5.9113885e-01   6.1847243e-01   6.3503200e-01   6.3926048e-01
   1.5700000e+02   4.1946372e-01   4.1985174e-01   4.5068751e-01   5.2225517e-01   5.6001460e-01   5.9437968e-01   6.1429924e-01   6.4193916e-01   6.6093947e-01
   1.5800000e+02   3.9205186e-01   4.1348849e-01   4.4589123e-01   5.1883444e-01   5.5290284e-01   5.8623096e-01   6.0913399e-01   6.2236765e-01   6.3754396e-01
   1.5900000e+02   4.0722781e-01   4.1656486e-01   4.4700692e-01   5.0898317e-01   5.4976993e-01   5.7823664e-01   6.0773476e-01   6.2807437e-01   6.4105735e-01
   1.6000000e+02   3.9572581e-01   4.0639691e-01   4.3819964e-01   4.9784639e-01   5.4916408e-01   5.8090000e-01   6.0485397e-01   6.2426340e-01   6.4904889e-01
   1.6100000e+02   3.9864544e-01   4.0506491e-01   4.3430812e-01   5.0530936e-01   5.3847239e-01   5.7168525e-01   5.8709996e-01   6.1964013e-01   6.3986148e-01
   1.6200000e+02   3.7893984e-01   4.0256459e-01   4.2705874e-01   4.9771383e-01   5.4033405e-01   5.6374930e-01   5.8372226e-01   6.1465998e-01   6.2626530e-01
   1.6300000e+02   3.6972804e-01   4.0594563e-01   4.3112968e-01   4.9833454e-01   5.3229521e-01   5.7183469e-01   5.8876043e-01   6.0658543e-01   6.3532783e-01
   1.6400000e+02   3.8695207e-01   3.9757984e-01   4.2412210e-01   5.0235429e-01   5.2972759e-01   5.6144312e-01   5.8018401e-01   6.0437634e-01   6.3259800e-01
   1.6500000e+02   3.4885950e-01   3.8794360e-01   4.2635356e-01   4.8372487e-01   5.1559281e-01   5.4863733e-01   5.7873847e-01   5.9054425e-01   6.1623393e-01
   1.6600000e+02   3.6083828e-01   3.9993649e-01   4.2603532e-01   4.8272975e-01   5.1712034e-01   5.4817493e-01   5.7247504e-01   6.0363282e-01   6.2281293e-01
   1.6700000e+02   3.8916861e-01   4.0391843e-01   4.1849619e-01   4.7983914e-01   5.2363103e-01   5.4721414e-01   5.7433556e-01   5.9673831e-01   6.1239895e-01
   1.6800000e+02   3.6992453e-01   3.9002100e-01   4.1890808e-01   4.8718419e-01   5.1009805e-01   5.5032618e-01   5.7048112e-01   5.9114372e-01   6.0616852e-01
   1.6900000e+02   4.2427987e-01   3.7621362e-01   4.1914699e-01   4.7461197e-01   5.1260345e-01   5.3677691e-01   5.5998805e-01   5.7792951e-01   6.0079315e-01
   1.7000000e+02   3.4681048e-01   3.8101573e-01   4.1442152e-01   4.7724295e-01   5.0332459e-01   5.3824517e-01   5.6354566e-01   5.7518863e-01   5.8467175e-01
   1.7100000e+02   3.5219218e-01   3.7729753e-01   4.0098892e-01   4.7114264e-01   5.0550685e-01   5.3734002e-01   5.5035560e-01   5.7662656e-01   5.9009882e-01
   1.7200000e+02   3.6965052e-01   3.7149246e-01   3.9579282e-01   4.6216055e-01   4.9217883e-01   5.2500284e-01   5.3809219e-01   5.6513112e-01   5.8155192e-01
   1.7300000e+02   3.6843829e-01   3.7928356e-01   4.0198659e-01   4.6636465e-01   4.9478508e-01   5.2468898e-01   5.4067919e-01   5.6394393e-01   5.8904005e-01
   1.7400000e+02   3.6352881e-01   3.8902560e-01   4.0415843e-01   4.7080771e-01   4.9949263e-01   5.2668008e-01   5.4999610e-01   5.6460824e-01   5.9771132e-01
   1.7500000e+02   3.6886229e-01   3.7728702e-01   4.0266083e-01   4.6302677e-01   4.8896674e-01   5.2064512e-01   5.3740630e-01   5.6359449e-01   5.7759303e-01
   1.7600000e+02   3.3558380e-01   3.6663429e-01   4.0286030e-01   4.5919154e-01   4.9635475e-01   5.1717958e-01   5.3504510e-01   5.6638439e-01   5.6511380e-01
   1.7700000e+02   3.5403854e-01   3.6333093e-01   3.9229599e-01   4.5804747e-01   4.8710950e-01   5.1273481e-01   5.2740035e-01   5.5404270e-01   5.6915841e-01
   1.7800000e+02   3.5230362e-01   3.5666658e-01   3.9679269e-01   4.5470936e-01   4.8739145e-01   5.1641522e-01   5.3457377e-01   5.4800714e-01   5.7068864e-01
   1.7900000e+02   3.5246072e-01   3.5316657e-01   3.8764064e-01   4.5252413e-01   4.8668067e-01   5.0970039e-01   5.2991579e-01   5.4566916e-01   5.7304517e-01
   1.8000000e+02   3.5168487e-01   3.6795626e-01   3.9493549e-01   4.4417789e-01   4.8166102e-01   5.0738085e-01   5.2334443e-01   5.3400703e-01   5.5872123e-01
   1.8100000e+02   3.4428527e-01   3.5046560e-01   3.8328859e-01   4.4140354e-01   4.7457627e-01   5.0300528e-01   5.2295378e-01   5.4312759e-01   5.5408176e-01
   1.8200000e+02   3.4068604e-01   3.6658829e-01   3.8907948e-01   4.3523922e-01   4.7908554e-01   4.9440879e-01   5.0862363e-01   5.3924168e-01   5.5164218e-01
   1.8300000e+02   3.1816057e-01   3.5000021e-01   3.8086932e-01   4.4180623e-01   4.6479290e-01   4.9620478e-01   5.1900390e-01   5.3829125e-01   5.4986383e-01
   1.8400000e+02   3.4228600e-01   3.5229173e-01   3.7593570e-01   4.3861395e-01   4.6951291e-01   4.8203773e-01   5.0905049e-01   5.3143496e-01   5.4700775e-01
   1.8500000e+02   3.1127569e-01   3.4207678e-01   3.7204993e-01   4.2786155e-01   4.5942978e-01   4.8015639e-01   5.0135362e-01   5.1547562e-01   5.3633133e-01
   1.8600000e+02   3.2440614e-01   3.4062814e-01   3.7247007e-01   4.2145669e-01   4.5639000e-01   4.8029362e-01   4.9709485e-01   5.1709263e-01   5.4605437e-01
   1.8700000e+02   3.4037621e-01   3.4956632e-01   3.6305284e-01   4.1961185e-01   4.6017220e-01   4.8594068e-01   5.0166594e-01   5.1495511e-01   5.2052437e-01
   1.8800000e+02   3.1319731e-01   3.2941768e-01   3.6657890e-01   4.1543986e-01   4.4775770e-01   4.7791517e-01   5.0063315e-01   5.0821162e-01   5.3551225e-01
   1.8900000e+02   3.2343803e-01   3.3638420e-01   3.6308397e-01   4.1342226e-01   4.4541591e-01   4.6699449e-01   4.9527605e-01   4.9997232e-01   5.1338278e-01
   1.9000000e+02   3.4740805e-01   3.5177098e-01   3.5833820e-01   4.1102262e-01   4.5087758e-01   4.7717878e-01   4.8366206e-01   5.1599564e-01   5.2821798e-01
   1.9100000e+02   3.4394545e-01   3.1854174e-01   3.5774020e-01   4.0485684e-01   4.4385031e-01   4.6140102e-01   4.8958808e-01   5.0087889e-01   5.2043385e-01
   1.9200000e+02   3.3696425e-01   3.3356215e-01   3.5589988e-01   4.1293309e-01   4.4174835e-01   4.6310811e-01   4.8285489e-01   4.9636099e-01   5.3252663e-01
   1.9300000e+02   3.1347043e-01   3.2906765e-01   3.6160744e-01   4.1462924e-01   4.3949136e-01   4.5391899e-01   4.7932908e-01   4.9522833e-01   5.0820899e-01
   1.9400000e+02   3.0333586e-01   3.1935112e-01   3.4933657e-01   3.9924694e-01   4.3007857e-01   4.4967137e-01   4.7569281e-01   4.9952979e-01   5.0647830e-01
   1.9500000e+02   3.3291329e-01   3.2214148e-01   3.3721648e-01   3.9765627e-01   4.2958692e-01   4.5251447e-01   4.7143600e-01   4.8732283e-01   5.1929355e-01
   1.9600000e+02   2.9222773e-01   3.1608770e-01   3.4286747e-01   4.0111857e-01   4.2866808e-01   4.5646044e-01   4.7194957e-01   4.8626672e-01   5.0673335e-01
   1.9700000e+02   3.3609858e-01   3.2715423e-01   3.4931321e-01   3.9084450e-01   4.2311775e-01   4.4681849e-01   4.6351873e-01   4.8485649e-01   4.9664705e-01
   1.9800000e+02   3.0979927e-01   3.3056585e-01   3.4908885e-01   3.9305835e-01   4.2366606e-01   4.4579859e-01   4.6862918e-01   4.8839141e-01   5.0006933e-01
   1.9900000e+02   3.1560282e-01   3.2108270e-01   3.4071394e-01   3.9175303e-01   4.1687497e-01   4.4390114e-01   4.6217597e-01   4.7673180e-01   5.0197751e-01
   2.0000000e+02   2.9911145e-01   3.0930656e-01   3.3947229e-01   3.8200830e-01   4.1353918e-01   4.4204374e-01   4.5613839e-01   4.7873431e-01   4.7679697e-01
   2.0100000e+02   2.7652479e-01   3.2537124e-01   3.4871863e-01   3.8958603e-01   4.1527567e-01   4.3178497e-01   4.5088468e-01   4.7329972e-01   4.9523036e-01
   2.0200000e+02   2.7527885e-01   2.9943331e-01   3.3391999e-01   3.8464563e-01   4.0826179e-01   4.3568612e-01   4.5648362e-01   4.6111817e-01   4.8419607e-01
   2.0300000e+02   3.1686492e-01   3.1183389e-01   3.2745330e-01   3.8604777e-01   4.1206275e-01   4.3444728e-01   4.4810874e-01   4.6730942e-01   4.7731057e-01
   2.0400000e+02   2.9156129e-01   2.9729927e-01   3.1823251e-01   3.7701719e-01   4.0648862e-01   4.2662449e-01   4.4404813e-01   4.6711641e-01   4.8359720e-01
   2.0500000e+02   3.0012502e-01   3.1473219e-01   3.2951651e-01   3.8079519e-01   4.0514999e-01   4.2531322e-01   4.3763111e-01   4.6512487e-01   4.8098493e-01
   2.0600000e+02   2.7702018e-01   3.0946143e-01   3.2771583e-01   3.7693809e-01   4.0089962e-01   4.2212449e-01   4.4257976e-01   4.5851200e-01   4.7421723e-01
   2.0700000e+02   2.5829929e-01   3.0775397e-01   3.1373992e-01   3.6470010e-01   3.9857138e-01   4.1482176e-01   4.3341571e-01   4.5173737e-01   4.6299362e-01
   2.0800000e+02   2.9809119e-01   3.0597629e-01   3.2614527e-01   3.6805408e-01   3.9165267e-01   4.2156304e-01   4.3628180e-01   4.5177768e-01   4.6000473e-01
   2.0900000e+02   2.5464285e-01   2.9069306e-01   3.2665998e-01   3.6623545e-01   3.9336835e-01   4.1524823e-01   4.3672774e-01   4.5469625e-01   4.7260713e-01
   2.1000000e+02   3.0585917e-01   3.0056673e-01   3.2048510e-01   3.6173505e-01   3.8695621e-01   4.0783940e-01   4.2971974e-01   4.3824510e-01   4.6028319e-01
   2.1100000e+02   3.0411542e-01   2.9460290e-01   3.1257137e-01   3.6090146e-01   3.9487869e-01   4.1584547e-01   4.3329582e-01   4.4881364e-01   4.6174025e-01
   2.1200000e+02   3.0858757e-01   3.0245806e-01   3.2486747e-01   3.5812014e-01   3.9085781e-01   4.0484864e-01   4.1727560e-01   4.3635231e-01   4.4827117e-01
   2.1300000e+02   2.7241368e-01   2.9457468e-01   3.0754730e-01   3.5945218e-01   3.8968173e-01   4.0840368e-01   4.2158407e-01   4.3649740e-01   4.5515256e-01
   2.1400000e+02   3.0191801e-01   2.9194058e-01   3.1740037e-01   3.5766029e-01   3.7834762e-01   4.0028232e-01   4.2290351e-01   4.3648070e-01   4.6401813e-01
   2.1500000e+02   2.6201873e-01   2.8131502e-01   3.0599676e-01   3.5860476e-01   3.8085406e-01   4.0358475e-01   4.2457927e-01   4.4146252e-01   4.5007568e-01
   2.1600000e+02   3.0611857e-01   2.9110237e-01   3.1166115e-01   3.4764294e-01   3.7526297e-01   3.9392832e-01   4.1526902e-01   4.2575929e-01   4.5113320e-01
   2.1700000e+02   2.5760093e-01   2.7744166e-01   2.9462179e-01   3.5381011e-01   3.7614370e-01   3.9260050e-01   4.1257502e-01   4.2575291e-01   4.4362025e-01
   2.1800000e+02   2.6858610e-01   2.7059382e-01   3.0449337e-01   3.4277004e-01   3.7255894e-01   3.9374324e-01   4.1383182e-01   4.1908520e-01   4.2626959e-01
   2.1900000e+02   2.6900723e-01   2.8207757e-01   3.0999014e-01   3.5813852e-01   3.7146126e-01   3.8740600e-01   4.1279778e-01   4.1868156e-01   4.4357236e-01
   2.2000000e+02   2.3528740e-01   2.7324822e-01   2.9450083e-01   3.4357119e-01   3.6825371e-01   3.8585622e-01   4.0766895e-01   4.2270609e-01   4.4034018e-01
   2.2100000e+02   2.5190061e-01   2.8128113e-01   3.0587472e-01   3.3108362e-01   3.6357513e-01   3.8761956e-01   4.0179022e-01   4.3776676e-01   4.3444369e-01
   2.2200000e+02   2.4927102e-01   2.8068578e-01   2.8768169e-01   3.4143910e-01   3.6080089e-01   3.8681241e-01   4.0392781e-01   4.1774627e-01   4.3417992e-01
   2.2300000e+02   2.8733263e-01   2.7625222e-01   3.0355980e-01   3.3307172e-01   3.6284917e-01   3.7716221e-01   3.9027933e-01   4.1449048e-01   4.2783612e-01
   2.2400000e+02   2.5772253e-01   2.7882814e-01   2.9214602e-01   3.3113337e-01   3.6008578e-01   3.7840973e-01   3.9684074e-01   4.0873608e-01   4.2645394e-01
   2.2500000e+02   2.4011677e-01   2.7043370e-01   2.9180975e-01   3.3678734e-01   3.5774163e-01   3.7557380e-01   3.9014728e-01   4.1265295e-01   4.2244913e-01
   2.2600000e+02   2.9052772e-01   2.7399927e-01   2.9083851e-01   3.3172965e-01   3.4933243e-01   3.6994984e-01   3.8906231e-01   4.0147069e-01   4.2719792e-01
   2.2700000e+02   2.5381731e-01   2.6998805e-01   2.9396190e-01   3.2720097e-01   3.4988135e-01   3.6869331e-01   3.7913378e-01   3.9543487e-01   4.2283618e-01
   2.2800000e+02   2.7583056e-01   2.7262401e-01   2.8707269e-01   3.3150224e-01   3.5786098e-01   3.6931474e-01   3.8907560e-01   3.8876744e-01   4.1377709e-01
   2.2900000e+02   2.8582851e-01   2.5669526e-01   2.8856497e-01   3.2876746e-01   3.4787837e-01   3.6854452e-01   3.8551308e-01   3.9810978e-01   4.1288551e-01
   2.3000000e+02   2.6142538e-01   2.5555027e-01   2.8637236e-01   3.2348537e-01   3.4782009e-01   3.7321117e-01   3.9128953e-01   3.9551571e-01   4.1679022e-01
   2.3100000e+02   2.6166203e-01   2.6012256e-01   2.8450823e-01   3.2239699e-01   3.4317353e-01   3.6714125e-01   3.7871374e-01   3.9037819e-01   4.0505914e-01
   2.3200000e+02   2.6223132e-01   2.7879653e-01   2.8317664e-01   3.3355314e-01   3.4465809e-01   3.6715094e-01   3.8137894e-01   3.9732795e-01   4.1528919e-01
   2.3300000e+02   2.6252327e-01   2.5546255e-01   2.7356774e-01   3.2371754e-01   3.3928251e-01   3.6564734e-01   3.7310558e-01   3.8710854e-01   4.1090454e-01
   2.3400000e+02   2.3879675e-01   2.6828198e-01   2.7590430e-01   3.1983962e-01   3.3888301e-01   3.5922496e-01   3.8473808e-01   3.8846564e-01   4.0561445e-01
   2.3500000e+02   2.3866717e-01   2.6115599e-01   2.9588889e-01   3.2094050e-01   3.3599392e-01   3.6088107e-01   3.7653012e-01   3.8646656e-01   4.0003576e-01
   2.3600000e+02   2.6360105e-01   2.4558304e-01   2.8101864e-01   3.1528378e-01   3.3170450e-01   3.5543103e-01   3.7234579e-01   3.8152659e-01   3.8998091e-01
   2.3700000e+02   2.6906091e-01   2.5752038e-01   2.7327281e-01   3.1736310e-01   3.3722669e-01   3.5746836e-01   3.7397520e-01   3.8476102e-01   4.0251320e-01
   2.3800000e+02   2.6905113e-01   2.6297627e-01   2.8091874e-01   3.0726336e-01   3.2992905e-01   3.5477774e-01   3.7572824e-01   3.8178290e-01   4.0651099e-01
   2.3900000e+02   2.3786638e-01   2.5574900e-01   2.7149016e-01   3.1140029e-01   3.3611322e-01   3.5314902e-01   3.5871610e-01   3.8049517e-01   3.9966593e-01
   2.4000000e+02   2.4802197e-01   2.5415213e-01   2.7457464e-01   3.1360404e-01   3.3021215e-01   3.5606567e-01   3.6929056e-01   3.8167532e-01   4.0143871e-01
   2.4100000e+02   2.6644850e-01   2.4926960e-01   2.6062948e-01   3.0591911e-01   3.2703996e-01   3.4291406e-01   3.6070078e-01   3.7390066e-01   3.8382149e-01
   2.4200000e+02   2.2695599e-01   2.4153677e-01   2.5809787e-01   3.0079536e-01   3.3097152e-01   3.4578717e-01   3.6294892e-01   3.8134743e-01   3.9280291e-01
   2.4300000e+02   2.3966682e-01   2.3569013e-01   2.6499255e-01   3.1299166e-01   3.1796182e-01   3.4634645e-01   3.5468148e-01   3.7119516e-01   3.8174020e-01
   2.4400000e+02   2.2247593e-01   2.5635339e-01   2.6444677e-01   2.9414752e-01   3.1615611e-01   3.4234107e-01   3.5123939e-01   3.6553468e-01   3.7847723e-01
   2.4500000e+02   2.4045620e-01   2.5051897e-01   2.5161988e-01   3.0142758e-01   3.2318245e-01   3.3730597e-01   3.5709240e-01   3.6517558e-01   3.8091799e-01
   2.4600000e+02   2.1018976e-01   2.5446198e-01   2.5853250e-01   2.9818491e-01   3.2418155e-01   3.3892084e-01   3.5820844e-01   3.6811865e-01   3.8777189e-01
   2.4700000e+02   2.5972415e-01   2.4446960e-01   2.5725999e-01   2.9635271e-01   3.1929195e-01   3.3507457e-01   3.4788371e-01   3.6187458e-01   3.6623411e-01
   2.4800000e+02   2.2706807e-01   2.4123377e-01   2.5320838e-01   2.9651178e-01   3.1915778e-01   3.3910904e-01   3.4786107e-01   3.5664448e-01   3.7204183e-01
   2.4900000e+02   2.0253869e-01   2.4092221e-01   2.6678250e-01   3.0488875e-01   3.1120204e-01   3.2420873e-01   3.4883511e-01   3.5687450e-01   3.7266742e-01
   2.5000000e+02   2.2426601e-01   2.4447023e-01   2.6070555e-01   2.9204303e-01   3.1879825e-01   3.3288091e-01   3.4898718e-01   3.6649658e-01   3.8043729e-01
   2.5100000e+02   2.1528460e-01   2.4032178e-01   2.5093281e-01   2.8674125e-01   3.1581953e-01   3.2611006e-01   3.4484538e-01   3.5068679e-01   3.6051684e-01
   2.5200000e+02   2.0016643e-01   2.5156165e-01   2.5306077e-01   2.8958536e-01   3.1349860e-01   3.2547527e-01   3.4186548e-01   3.5154656e-01   3.6771391e-01
   2.5300000e+02   2.1571302e-01   2.3768769e-01   2.5324928e-01   2.8861752e-01   3.1367090e-01   3.2331102e-01   3.4298725e-01   3.6212004e-01   3.7184758e-01
   2.5400000e+02   2.2407596e-01   2.3407642e-01   2.4456420e-01   2.8709062e-01   3.1100113e-01   3.2542862e-01   3.4370067e-01   3.5300749e-01   3.6915681e-01
   2.5500000e+02   1.9010907e-01   2.3208897e-01   2.4616228e-01   2.8354771e-01   3.0665472e-01   3.1755163e-01   3.3501868e-01   3.4477138e-01   3.6461629e-01
   2.5600000e+02   2.1637636e-01   2.1959741e-01   2.5016633e-01   2.7589178e-01   3.0520482e-01   3.2504330e-01   3.3656828e-01   3.4947848e-01   3.6000606e-01
   2.5700000e+02   2.2959266e-01   2.2774080e-01   2.5605177e-01   2.8599679e-01   3.0517041e-01   3.2157574e-01   3.3196744e-01   3.3970252e-01   3.5852875e-01
   2.5800000e+02   1.9439048e-01   2.3220252e-01   2.4989471e-01   2.9096704e-01   3.0018537e-01   3.1827560e-01   3.3450721e-01   3.4149545e-01   3.5563689e-01
   2.5900000e+02   2.4908115e-01   2.2123549e-01   2.4617902e-01   2.7781878e-01   2.9423292e-01   3.1541515e-01   3.2469483e-01   3.4100470e-01   3.6341223e-01
   2.6000000e+02   2.1471702e-01   2.2813881e-01   2.4405050e-01   2.7606700e-01   2.9622727e-01   3.1270470e-01   3.2830942e-01   3.4102690e-01   3.5994413e-01
   2.6100000e+02   2.1099794e-01   2.3263174e-01   2.4635800e-01   2.8017833e-01   3.0362449e-01   3.1414795e-01   3.2779956e-01   3.3051470e-01   3.5451816e-01
   2.6200000e+02   2.2847476e-01   2.2443223e-01   2.4337926e-01   2.6622550e-01   3.0176555e-01   3.1255438e-01   3.2945167e-01   3.3939686e-01   3.5533652e-01
   2.6300000e+02   2.1013560e-01   2.3439118e-01   2.3747556e-01   2.7791775e-01   2.9099887e-01   3.0734202e-01   3.2479972e-01   3.3147417e-01   3.4149369e-01
   2.6400000e+02   2.2552753e-01   2.2146522e-01   2.4137940e-01   2.7680212e-01   2.9406181e-01   3.0832454e-01   3.2912255e-01   3.3110951e-01   3.5210107e-01
   2.6500000e+02   2.3334243e-01   2.2407901e-01   2.4010935e-01   2.7902183e-01   2.9124595e-01   3.0596156e-01   3.2486498e-01   3.3384412e-01   3.4683563e-01
   2.6600000e+02   2.3331459e-01   2.2316077e-01   2.3251440e-01   2.7669283e-01   2.9367953e-01   3.0617535e-01   3.1973059e-01   3.3732997e-01   3.5009724e-01
   2.6700000e+02   2.3040532e-01   2.3226357e-01   2.4004333e-01   2.7081456e-01   2.9490664e-01   3.0543149e-01   3.1736493e-01   3.2440105e-01   3.4668771e-01
   2.6800000e+02   2.2401261e-01   2.3435468e-01   2.4247328e-01   2.7888565e-01   2.8391443e-01   3.0448164e-01   3.1882664e-01   3.2312586e-01   3.4143142e-01
   2.6900000e+02   2.3996598e-01   2.1679500e-01   2.3831670e-01   2.7380982e-01   2.8289821e-01   2.9854661e-01   3.1875339e-01   3.3290505e-01   3.4928370e-01
   2.7000000e+02   2.1186106e-01   2.1269023e-01   2.5120264e-01   2.6778742e-01   2.8319043e-01   2.9942995e-01   3.1684054e-01   3.2771351e-01   3.4045201e-01
   2.7100000e+02   2.0707463e-01   2.1348478e-01   2.3187330e-01   2.6178844e-01   2.8735484e-01   2.9023982e-01   3.0938301e-01   3.2598589e-01   3.3434707e-01
   2.7200000e+02   2.2343631e-01   2.1989223e-01   2.3662607e-01   2.5724616e-01   2.8346482e-01   2.9492618e-01   3.1179496e-01   3.2156641e-01   3.3062185e-01
   2.7300000e+02   2.1296489e-01   2.2406313e-01   2.3443481e-01   2.6338121e-01   2.8349865e-01   2.8952147e-01   3.0898905e-01   3.1656122e-01   3.3784650e-01
   2.7400000e+02   2.0579084e-01   2.2506839e-01   2.2744805e-01   2.5960712e-01   2.7810916e-01   2.9604845e-01   3.0740961e-01   3.1563795e-01   3.3535844e-01
   2.7500000e+02   2.1705626e-01   2.2767961e-01   2.3057146e-01   2.6970129e-01   2.8620990e-01   2.9307474e-01   3.1536460e-01   3.2613430e-01   3.2865011e-01
   2.7600000e+02   1.9992402e-01   2.1159719e-01   2.2079672e-01   2.6421537e-01   2.7065829e-01   2.9264554e-01   3.0971813e-01   3.1223173e-01   3.3487422e-01
   2.7700000e+02   1.9161085e-01   2.3099535e-01   2.2603606e-01   2.6520247e-01   2.7241551e-01   2.8707930e-01   3.0102453e-01   3.1477176e-01   3.3642835e-01
   2.7800000e+02   1.9718910e-01   2.2593403e-01   2.2879824e-01   2.5596593e-01   2.7938849e-01   2.9095361e-01   3.1806367e-01   3.1788872e-01   3.3389749e-01
   2.7900000e+02   1.7215667e-01   2.0200290e-01   2.2592816e-01   2.5423959e-01   2.6682705e-01   2.8724302e-01   3.0883789e-01   3.1383822e-01   3.2408789e-01
   2.8000000e+02   1.7852345e-01   2.0961645e-01   2.2404572e-01   2.5783911e-01   2.7441643e-01   2.8703421e-01   3.0687682e-01   3.1175778e-01   3.3199508e-01
   2.8100000e+02   2.2776705e-01   2.2290683e-01   2.2310564e-01   2.5502706e-01   2.6484398e-01   2.8707803e-01   2.9834167e-01   3.0375549e-01   3.2606128e-01
   2.8200000e+02   2.0288314e-01   2.0215455e-01   2.2728927e-01   2.5487604e-01   2.6187138e-01   2.8638679e-01   2.9826437e-01   3.0902767e-01   3.2757146e-01
   2.8300000e+02   1.9908626e-01   2.0322032e-01   2.1924843e-01   2.5533576e-01   2.6672899e-01   2.8515946e-01   2.9301755e-01   3.0362823e-01   3.1598685e-01
   2.8400000e+02   1.8961315e-01   1.9430142e-01   2.2312804e-01   2.5161860e-01   2.6929344e-01   2.8389838e-01   2.9990128e-01   3.0223016e-01   3.2182759e-01
   2.8500000e+02   2.1024749e-01   2.1665061e-01   2.2892570e-01   2.4962015e-01   2.6709684e-01   2.8586409e-01   2.9442922e-01   3.0329753e-01   3.0755738e-01
   2.8600000e+02   1.8802776e-01   2.0308069e-01   2.1276012e-01   2.5180868e-01   2.6854081e-01   2.7593469e-01   2.9465549e-01   3.0603971e-01   3.1876612e-01
   2.8700000e+02   1.8939604e-01   2.2501583e-01   2.1805156e-01   2.4237823e-01   2.6090413e-01   2.7449132e-01   2.9485657e-01   2.9350025e-01   3.1443905e-01
   2.8800000e+02   2.2319950e-01   2.0701884e-01   2.2168166e-01   2.4257868e-01   2.6529961e-01   2.7847770e-01   2.9226463e-01   2.9725334e-01   3.1193834e-01
   2.8900000e+02   1.9634695e-01   2.1490340e-01   2.1970478e-01   2.4599106e-01   2.5336546e-01   2.7038938e-01   2.9207063e-01   3.0820355e-01   3.0048206e-01
   2.9000000e+02   1.9924836e-01   1.9562627e-01   2.1827062e-01   2.4563584e-01   2.6121680e-01   2.6946729e-01   2.8104092e-01   2.9619193e-01   3.1028208e-01
   2.9100000e+02   1.8468331e-01   2.1085071e-01   2.1596166e-01   2.4291883e-01   2.6197310e-01   2.6706168e-01   2.8566380e-01   2.8878419e-01   3.2222334e-01
   2.9200000e+02   2.1713071e-01   1.9821991e-01   2.1532310e-01   2.4131003e-01   2.5664144e-01   2.6644735e-01   2.9303519e-01   3.0292773e-01   3.0361323e-01
   2.9300000e+02   1.8059625e-01   2.0105758e-01   2.1690953e-01   2.4288127e-01   2.5854433e-01   2.7066653e-01   2.8170448e-01   2.8604015e-01   3.0546337e-01
   2.9400000e+02   1.8963102e-01   2.0046190e-01   2.1990141e-01   2.4562381e-01   2.5466257e-01   2.6921525e-01   2.8296506e-01   2.9440584e-01   3.1221549e-01
   2.9500000e+02   2.1015162e-01   1.9836952e-01   2.1285777e-01   2.4275930e-01   2.4496606e-01   2.6412927e-01   2.8585821e-01   2.9054862e-01   2.9968486e-01
   2.9600000e+02   1.9816522e-01   2.0990292e-01   2.1394686e-01   2.3797525e-01   2.5590140e-01   2.6350707e-01   2.8367644e-01   2.9295770e-01   3.0595881e-01
   2.9700000e+02   2.0079925e-01   1.8257380e-01   2.1561936e-01   2.3725583e-01   2.5527578e-01   2.6371877e-01   2.7927155e-01   2.8462127e-01   2.9939994e-01
   2.9800000e+02   1.6166528e-01   1.9152714e-01   2.0458258e-01   2.3024746e-01   2.4995436e-01   2.6240834e-01   2.8101956e-01   2.8037491e-01   3.0460325e-01
   2.9900000e+02   1.5864876e-01   1.8558924e-01   2.0904221e-01   2.3377305e-01   2.5005679e-01   2.6278149e-01   2.7456324e-01   2.8029361e-01   2.9289231e-01
   3.0000000e+02   2.0018655e-01   1.9369194e-01   2.1274909e-01   2.4296266e-01   2.4780062e-01   2.6297009e-01   2.6990237e-01   2.8066954e-01   2.9753987e-01
   3.0100000e+02   1.8144361e-01   2.0668225e-01   2.1658668e-01   2.3448320e-01   2.5300913e-01   2.6515016e-01   2.7356223e-01   2.8359055e-01   3.0284409e-01
   3.0200000e+02   1.5974044e-01   1.9301478e-01   2.0565264e-01   2.4186436e-01   2.4659837e-01   2.5917009e-01   2.7502375e-01   2.8103145e-01   3.0153167e-01
   3.0300000e+02   1.7467386e-01   1.8985657e-01   2.0385473e-01   2.2677421e-01   2.4633956e-01   2.5621541e-01   2.7525285e-01   2.7697526e-01   2.9057436e-01
   3.0400000e+02   1.9184025e-01   1.8513917e-01   2.0174539e-01   2.3419897e-01   2.4783807e-01   2.4977515e-01   2.7286073e-01   2.7350827e-01   2.9206497e-01
   3.0500000e+02   2.1208585e-01   1.8292558e-01   1.9701129e-01   2.3720533e-01   2.4578470e-01   2.5642219e-01   2.7207972e-01   2.7732644e-01   2.9185706e-01
   3.0600000e+02   1.6329031e-01   1.8757996e-01   1.9842303e-01   2.4052164e-01   2.4129068e-01   2.5585901e-01   2.8001686e-01   2.7615302e-01   2.9488877e-01
   3.0700000e+02   2.0489552e-01   1.8920045e-01   1.9519836e-01   2.2589390e-01   2.4764225e-01   2.5605169e-01   2.6769694e-01   2.6983861e-01   3.0136215e-01
   3.0800000e+02   1.8462611e-01   1.9458600e-01   2.0647692e-01   2.2518084e-01   2.4313945e-01   2.5520236e-01   2.7049219e-01   2.7972382e-01   2.8619621e-01
   3.0900000e+02   1.7225710e-01   1.9338440e-01   2.0291499e-01   2.3500463e-01   2.3682427e-01   2.5418675e-01   2.6940121e-01   2.7417627e-01   2.8854590e-01
   3.1000000e+02   1.6661236e-01   1.8848167e-01   2.0640786e-01   2.3222935e-01   2.4207649e-01   2.4988119e-01   2.7230846e-01   2.7175778e-01   2.8141116e-01
   3.1100000e+02   1.5408767e-01   1.8698903e-01   2.0284831e-01   2.3391961e-01   2.4016936e-01   2.5273203e-01   2.6809406e-01   2.7100147e-01   2.8971025e-01
   3.1200000e+02   1.9676484e-01   1.8177701e-01   2.0349204e-01   2.2755927e-01   2.4014360e-01   2.5503062e-01   2.5900933e-01   2.7036460e-01   2.9760342e-01
   3.1300000e+02   1.6552879e-01   1.8978155e-01   1.9730359e-01   2.3049466e-01   2.3176705e-01   2.5200248e-01   2.6883767e-01   2.7005764e-01   2.8408070e-01
   3.1400000e+02   1.5261067e-01   1.8860265e-01   1.9932726e-01   2.1709064e-01   2.3349266e-01   2.4749735e-01   2.6463840e-01   2.6725579e-01   2.7724611e-01
   3.1500000e+02   1.9158740e-01   1.9183408e-01   1.9333107e-01   2.3088022e-01   2.2974719e-01   2.4331446e-01   2.6530891e-01   2.7424260e-01   2.8469535e-01
   3.1600000e+02   1.7314817e-01   1.9624979e-01   2.0154024e-01   2.2253310e-01   2.3510335e-01   2.4412067e-01   2.6909313e-01   2.6033323e-01   2.9183277e-01
   3.1700000e+02   1.6585756e-01   1.7270250e-01   1.9229466e-01   2.2719902e-01   2.4020963e-01   2.5123916e-01   2.6031130e-01   2.6430792e-01   2.8122774e-01
   3.1800000e+02   1.6242677e-01   1.7403548e-01   1.9334080e-01   2.2654455e-01   2.3232531e-01   2.4807035e-01   2.6158831e-01   2.5981975e-01   2.8579598e-01
   3.1900000e+02   1.7834379e-01   1.7996280e-01   1.8835606e-01   2.2181033e-01   2.2910679e-01   2.4221432e-01   2.5720543e-01   2.6750469e-01   2.8959776e-01
   3.2000000e+02   1.7255707e-01   1.7516500e-01   2.0426373e-01   2.2426487e-01   2.3518061e-01   2.4547969e-01   2.5646496e-01   2.6337981e-01   2.8427297e-01
   3.2100000e+02   1.6169235e-01   1.7863688e-01   1.9661318e-01   2.2547302e-01   2.3319714e-01   2.3981467e-01   2.5410170e-01   2.6529055e-01   2.7662394e-01
   3.2200000e+02   1.9211423e-01   1.8342451e-01   1.9209695e-01   2.1919318e-01   2.2816157e-01   2.4129101e-01   2.5497176e-01   2.5370979e-01   2.7646877e-01
   3.2300000e+02   2.2307884e-01   1.8701548e-01   1.8454943e-01   2.2248396e-01   2.2773961e-01   2.4300971e-01   2.5811843e-01   2.5864775e-01   2.6637579e-01
   3.2400000e+02   1.8254895e-01   1.8285457e-01   1.8561501e-01   2.1908155e-01   2.3021729e-01   2.4159198e-01   2.5822962e-01   2.5638125e-01   2.7632309e-01
   3.2500000e+02   1.6415130e-01   1.7680859e-01   1.8956187e-01   2.1394571e-01   2.2824420e-01   2.3964763e-01   2.5314841e-01   2.5878284e-01   2.8416784e-01
   3.2600000e+02   2.1371061e-01   1.9236427e-01   1.8460809e-01   2.1764266e-01   2.2403356e-01   2.3818587e-01   2.5306399e-01   2.5132809e-01   2.8137800e-01
   3.2700000e+02             NaN   1.8083060e-01   1.7922498e-01   2.1560928e-01   2.2693859e-01   2.3480331e-01   2.5041452e-01   2.5870310e-01   2.7620694e-01
   3.2800000e+02   1.7857557e-01   1.8207552e-01   1.8904680e-01   2.1780121e-01   2.1926640e-01   2.4013886e-01   2.5373080e-01   2.5761647e-01   2.6720178e-01
   3.2900000e+02   1.9970377e-01   1.8123818e-01   1.9201989e-01   2.1298309e-01   2.3306982e-01   2.3848827e-01   2.5355990e-01   2.6134279e-01   2.6830876e-01
   3.3000000e+02   1.5621580e-01   1.7939180e-01   1.8092082e-01   2.1087951e-01   2.2175372e-01   2.3433341e-01   2.5350316e-01   2.4663053e-01   2.7090993e-01
   3.3100000e+02   1.8244175e-01   1.7785682e-01   1.9016497e-01   2.1337440e-01   2.2634232e-01   2.3100358e-01   2.4731767e-01   2.5896859e-01   2.6739822e-01
   3.3200000e+02   1.3508835e-01   1.8572858e-01   1.9393245e-01   2.2141585e-01   2.2185757e-01   2.3539200e-01   2.5210817e-01   2.5652241e-01   2.6610550e-01
   3.3300000e+02   1.4834506e-01   1.7842477e-01   1.8517907e-01   2.1117013e-01   2.2407515e-01   2.3733425e-01   2.4767292e-01   2.5219389e-01   2.6333459e-01
   3.3400000e+02   1.6789092e-01   1.6960660e-01   1.7632035e-01   2.1189209e-01   2.2250791e-01   2.3027454e-01   2.4485316e-01   2.5091557e-01   2.7363230e-01
   3.3500000e+02   1.5111305e-01   1.8628751e-01   1.8081771e-01   1.9865324e-01   2.1902077e-01   2.3017778e-01   2.3965560e-01   2.5219384e-01   2.5883999e-01
   3.3600000e+02   1.6578054e-01   1.5972460e-01   1.9541608e-01   2.0272789e-01   2.2464414e-01   2.3067064e-01   2.4825393e-01   2.5507336e-01   2.7377078e-01
   3.3700000e+02   1.3580799e-01   1.8259614e-01   1.8052394e-01   2.1671470e-01   2.2459299e-01   2.3182815e-01   2.4260903e-01   2.4724143e-01   2.7729243e-01
   3.3800000e+02   1.6070659e-01   1.5708732e-01   1.8139255e-01   2.1285135e-01   2.1749449e-01   2.2908649e-01   2.4771661e-01   2.5452665e-01   2.6249462e-01
   3.3900000e+02   1.3818474e-01   1.6337110e-01   1.8887355e-01   2.0067590e-01   2.1704872e-01   2.2591504e-01   2.4071782e-01   2.4893570e-01   2.5786042e-01
   3.4000000e+02   1.6897754e-01   1.6768501e-01   1.6806552e-01   2.1330671e-01   2.1693340e-01   2.2517887e-01   2.4453625e-01   2.4186823e-01   2.4737379e-01
   3.4100000e+02   1.4136927e-01   1.7711796e-01   1.8001641e-01   2.0618760e-01   2.0993282e-01   2.2637342e-01   2.4138023e-01   2.4188661e-01   2.6450861e-01
   3.4200000e+02   1.8660618e-01   1.6579927e-01   1.8538686e-01   2.0147366e-01   2.1781816e-01   2.2646182e-01   2.4206653e-01   2.4186143e-01   2.6792518e-01
   3.4300000e+02   1.8530993e-01   1.7031094e-01   1.7784499e-01   2.0908662e-01   2.1593417e-01   2.1728031e-01   2.3212864e-01   2.4630248e-01   2.5652608e-01
   3.4400000e+02   1.8960215e-01   1.7993008e-01   1.8212091e-01   1.9891835e-01   2.0938556e-01   2.2742595e-01   2.4602796e-01   2.4585294e-01   2.4708245e-01
   3.4500000e+02   1.5354283e-01   1.5308722e-01   1.7882791e-01   2.0684642e-01   2.1051474e-01   2.2436171e-01   2.3739929e-01   2.4695106e-01   2.6135448e-01
   3.4600000e+02   1.6365874e-01   1.6862782e-01   1.8043090e-01   2.0421742e-01   2.1908381e-01   2.2356789e-01   2.4711515e-01   2.4409327e-01   2.5738333e-01
   3.4700000e+02   1.6403044e-01   1.8482747e-01   1.8013573e-01   2.0745222e-01   2.1339258e-01   2.2887471e-01   2.3880135e-01   2.3263484e-01   2.5100380e-01
   3.4800000e+02   1.4050573e-01   1.7656302e-01   1.7330820e-01   2.0767608e-01   2.0623678e-01   2.1676403e-01   2.3282953e-01   2.3476851e-01   2.5371180e-01
   3.4900000e+02   1.6367977e-01   1.7007979e-01   1.8457206e-01   1.9731006e-01   2.1121158e-01   2.1878705e-01   2.3746242e-01   2.2973132e-01   2.5271015e-01
   3.5000000e+02   1.5397163e-01   1.6839008e-01   1.7735525e-01   1.9790872e-01   2.1182303e-01   2.1318391e-01   2.3428049e-01   2.3746676e-01   2.4165578e-01
   3.5100000e+02   1.5829351e-01   1.6565091e-01   1.8169952e-01   1.9688536e-01   2.0532119e-01   2.1532397e-01   2.2834960e-01   2.3807992e-01   2.5257208e-01
   3.5200000e+02   1.5718067e-01   1.6118223e-01   1.7355610e-01   2.0326655e-01   2.0670348e-01   2.2150698e-01   2.3620269e-01   2.2786465e-01   2.4507819e-01
   3.5300000e+02   1.7450433e-01   1.7506756e-01   1.7358369e-01   1.9619477e-01   2.1138771e-01   2.2130051e-01   2.3660868e-01   2.3543374e-01   2.5076185e-01
   3.5400000e+02             NaN   1.6439914e-01   1.7736152e-01   2.1064203e-01   2.1018285e-01   2.1344297e-01   2.3011359e-01   2.3988677e-01   2.5613137e-01
   3.5500000e+02   1.9649970e-01   1.7768337e-01   1.6767031e-01   1.9845319e-01   2.0839398e-01   2.1366374e-01   2.3893066e-01   2.3858837e-01   2.4565484e-01
   3.5600000e+02   1.7227301e-01   1.6429878e-01   1.8172150e-01   1.8836795e-01   2.0580220e-01   2.1934372e-01   2.3663922e-01   2.3698045e-01   2.5343551e-01
   3.5700000e+02   1.5138880e-01   1.5739023e-01   1.7102122e-01   1.9477234e-01   2.0822609e-01   2.1388532e-01   2.2987147e-01   2.3354482e-01   2.5775115e-01
   3.5800000e+02   1.3724893e-01   1.5246630e-01   1.8332936e-01   2.0040710e-01   2.0725826e-01   2.1983514e-01   2.2759104e-01   2.3229289e-01   2.4500080e-01
   3.5900000e+02   1.7248965e-01   1.6873440e-01   1.7408407e-01   1.9326738e-01   2.0171193e-01   2.0532718e-01   2.2463235e-01   2.3107887e-01   2.3884558e-01
   3.6000000e+02   1.4846560e-01   1.5004974e-01   1.7474096e-01   1.9670597e-01   2.0183585e-01   2.1479317e-01   2.2953222e-01   2.3031707e-01   2.5568334e-01
   3.6100000e+02   1.4410943e-01   1.7442488e-01   1.6984591e-01   1.9626185e-01   2.0259119e-01   2.0984688e-01   2.2948354e-01   2.3348247e-01   2.5101810e-01
   3.6200000e+02   1.6759183e-01   1.5074353e-01   1.7645973e-01   2.0085671e-01   2.0018915e-01   2.1130894e-01   2.2492862e-01   2.2760161e-01   2.4880684e-01
   3.6300000e+02   1.3307744e-01   1.6796089e-01   1.6813081e-01   1.8732496e-01   2.0077229e-01   2.0682364e-01   2.2698307e-01   2.2347339e-01   2.4970345e-01
   3.6400000e+02   1.6162924e-01   1.6738552e-01   1.6745064e-01   2.0281688e-01   2.0341567e-01   2.1227634e-01   2.3083707e-01   2.2813718e-01   2.5359845e-01
   3.6500000e+02   1.7385561e-01   1.6542684e-01   1.6213637e-01   1.9033977e-01   2.0183341e-01   2.1170752e-01   2.2082104e-01   2.3151468e-01   2.4147388e-01
   3.6600000e+02   1.5285096e-01   1.6518533e-01   1.7270877e-01   1.8724953e-01   1.9958210e-01   2.0624501e-01   2.2557765e-01   2.2073108e-01   2.5118651e-01
   3.6700000e+02   1.4275583e-01   1.4771461e-01   1.6890214e-01   1.9651618e-01   1.9774060e-01   2.0811611e-01   2.2739849e-01   2.1968081e-01   2.3466227e-01
   3.6800000e+02   1.2905224e-01   1.5234171e-01   1.7607506e-01   1.9268476e-01   2.0199116e-01   1.9968865e-01   2.2932785e-01   2.2513103e-01   2.3872289e-01
   3.6900000e+02   1.4019278e-01   1.5867437e-01   1.7601962e-01   1.8927972e-01   1.9735164e-01   2.0689378e-01   2.1939843e-01   2.2402347e-01   2.3085672e-01
   3.7000000e+02   1.4850833e-01   1.6743635e-01   1.6673239e-01   1.9103682e-01   1.9721352e-01   2.1006228e-01   2.2340077e-01   2.2393008e-01   2.2866853e-01
   3.7100000e+02   1.5288710e-01   1.5621175e-01   1.7291833e-01   1.9475573e-01   1.9357098e-01   2.0514570e-01   2.2375928e-01   2.2072190e-01   2.3257515e-01
   3.7200000e+02   1.5331110e-01   1.5526242e-01   1.6890195e-01   1.9338268e-01   1.9175541e-01   2.1212365e-01   2.2610921e-01   2.2510565e-01   2.3703806e-01
   3.7300000e+02   1.5590393e-01   1.6256768e-01   1.8399770e-01   1.9258125e-01   1.9756021e-01   2.0305335e-01   2.2031608e-01   2.3143431e-01   2.3898640e-01
   3.7400000e+02   1.5677307e-01   1.6363745e-01   1.6588642e-01   1.8238670e-01   1.9545660e-01   2.0664568e-01   2.2158907e-01   2.2725320e-01   2.4115665e-01
   3.7500000e+02   1.5664995e-01   1.5430398e-01   1.7164619e-01   1.8353151e-01   2.0067300e-01   2.0142943e-01   2.1594587e-01   2.1770404e-01   2.2476925e-01
   3.7600000e+02   1.5766847e-01   1.4550639e-01   1.6801092e-01   1.8454679e-01   1.8999840e-01   2.0038486e-01   2.1456481e-01   2.1571078e-01   2.2773193e-01
   3.7700000e+02   1.3848086e-01   1.5622945e-01   1.5966636e-01   1.8176191e-01   1.9366207e-01   2.0383211e-01   2.1457882e-01   2.2056434e-01   2.3199138e-01
   3.7800000e+02   1.5900853e-01   1.6547974e-01   1.5224723e-01   1.8053900e-01   1.9599502e-01   2.0414786e-01   2.1697156e-01   2.2106666e-01   2.3865969e-01
   3.7900000e+02   1.4269795e-01   1.4119203e-01   1.5755726e-01   1.8805228e-01   1.9711560e-01   2.0218177e-01   2.1972692e-01   2.1702453e-01   2.4134374e-01
   3.8000000e+02   1.6731423e-01   1.5776465e-01   1.7026649e-01   1.8149767e-01   1.9332224e-01   2.0100962e-01   2.0821440e-01   2.1485057e-01   2.4092951e-01
   3.8100000e+02   1.2181489e-01   1.4489845e-01   1.5995303e-01   1.8276831e-01   1.9144722e-01   2.0308336e-01   2.1059135e-01   2.1906388e-01   2.2788524e-01
   3.8200000e+02   1.6251328e-01   1.5919241e-01   1.6847341e-01   1.7909384e-01   1.8880969e-01   2.0883589e-01   2.1350329e-01   2.2020052e-01   2.2411064e-01
   3.8300000e+02   1.2803248e-01   1.5974662e-01   1.6058907e-01   1.7540854e-01   1.8127505e-01   1.9747635e-01   2.0788334e-01   2.1172030e-01   2.3259199e-01
   3.8400000e+02   1.5941388e-01   1.4921319e-01   1.6162084e-01   1.8650253e-01   1.9042857e-01   1.9526309e-01   2.1412206e-01   2.2522476e-01   2.2327853e-01
   3.8500000e+02   1.6340379e-01   1.6784904e-01   1.5903704e-01   1.7594361e-01   1.8850886e-01   2.0037989e-01   2.0965801e-01   2.2166692e-01   2.2205946e-01
   3.8600000e+02   1.3633586e-01   1.6437893e-01   1.5788648e-01   1.8271390e-01   1.8190045e-01   1.9705464e-01   2.1332361e-01   2.1198061e-01   2.3479581e-01
   3.8700000e+02   1.3788847e-01   1.4252260e-01   1.6124055e-01   1.7103441e-01   1.9031838e-01   1.9273331e-01   2.0508033e-01   2.1563140e-01   2.4172758e-01
   3.8800000e+02   1.3005397e-01   1.7080948e-01   1.4724595e-01   1.8192791e-01   1.9056577e-01   1.9457508e-01   2.1442630e-01   2.1665043e-01   2.3154069e-01
   3.8900000e+02   1.1170811e-01   1.4972574e-01   1.6278424e-01   1.8048704e-01   1.8982822e-01   1.9318028e-01   2.1443962e-01   2.0131473e-01   2.1911989e-01
   3.9000000e+02   1.4473243e-01   1.5101342e-01   1.6274770e-01   1.7411550e-01   1.8766824e-01   2.0256335e-01   2.1271809e-01   2.1946093e-01   2.1481421e-01
   3.9100000e+02   1.4979711e-01   1.6343358e-01   1.6097498e-01   1.8252976e-01   1.9284657e-01   1.9497854e-01   2.1147358e-01   2.1880185e-01   2.3041783e-01
   3.9200000e+02   1.3316311e-01   1.5505034e-01   1.5729048e-01   1.8222935e-01   1.8906865e-01   1.9638188e-01   2.1024241e-01   2.1588977e-01   2.3145434e-01
   3.9300000e+02   1.5648909e-01   1.5140877e-01   1.5348422e-01   1.8516688e-01   1.8273649e-01   1.9744811e-01   2.0809411e-01   2.0477348e-01   2.2201789e-01
   3.9400000e+02   1.5265195e-01   1.3849762e-01   1.4889018e-01   1.8268190e-01   1.8682048e-01   1.8801516e-01   2.0630218e-01   2.0603338e-01   2.1624088e-01
   3.9500000e+02   1.1902514e-01   1.5482468e-01   1.6764467e-01   1.7722348e-01   1.8544420e-01   1.9431263e-01   2.0553462e-01   2.0944337e-01   2.3049231e-01
   3.9600000e+02   1.4989450e-01   1.4792025e-01   1.5887066e-01   1.7858233e-01   1.8192320e-01   1.9006960e-01   2.0768779e-01   2.0350633e-01   2.3392292e-01
   3.9700000e+02   1.2455642e-01   1.3907312e-01   1.6275617e-01   1.7164972e-01   1.8521003e-01   1.9740287e-01   2.0250533e-01   2.0462208e-01   2.2303298e-01
   3.9800000e+02   1.3896151e-01   1.3860444e-01   1.4764424e-01   1.7984157e-01   1.7954407e-01   1.9226255e-01   2.0052349e-01   2.0071761e-01   2.2933135e-01
   3.9900000e+02   1.3102576e-01   1.4427460e-01   1.6093737e-01   1.6909306e-01   1.8079146e-01   1.8894285e-01   2.1532914e-01   2.0559976e-01   2.1169189e-01
   4.0000000e+02   1.2278147e-01   1.4468896e-01   1.5862457e-01   1.7089912e-01   1.7871074e-01   1.9125593e-01   2.0883220e-01   2.0380199e-01   2.1972800e-01
   4.0100000e+02   1.2560213e-01   1.5019675e-01   1.4821564e-01   1.7183094e-01   1.8056898e-01   1.8420883e-01   2.0181546e-01   2.1087303e-01   2.1878853e-01
   4.0200000e+02   1.4935633e-01   1.3859309e-01   1.5215747e-01   1.7732378e-01   1.7792740e-01   1.8889388e-01   1.9921862e-01   2.0521349e-01   2.2056081e-01
   4.0300000e+02   1.1834983e-01   1.4186053e-01   1.5040137e-01   1.7113369e-01   1.8765528e-01   1.9151882e-01   2.0197757e-01   2.0098400e-01   2.1958640e-01
   4.0400000e+02   1.3486601e-01   1.4855283e-01   1.5350725e-01   1.7996896e-01   1.7636226e-01   1.9029391e-01   1.9584045e-01   2.1061106e-01   2.1619287e-01
   4.0500000e+02   1.4624513e-01   1.2964761e-01   1.5754536e-01   1.7312098e-01   1.7815007e-01   1.8321471e-01   1.9968798e-01   2.0245673e-01   2.1299901e-01
   4.0600000e+02   1.2154225e-01   1.5835261e-01   1.5917268e-01   1.7228863e-01   1.7526153e-01   1.8768828e-01   2.0399820e-01   2.0214352e-01   2.1463168e-01
   4.0700000e+02             NaN   1.3539451e-01   1.5521210e-01   1.7406467e-01   1.7924586e-01   1.8268395e-01   2.0081442e-01   1.9311278e-01   2.1958648e-01
   4.0800000e+02   1.2915045e-01   1.5010211e-01   1.5518619e-01   1.7776157e-01   1.6898266e-01   1.8319847e-01   2.0681784e-01   2.0045918e-01   2.1304696e-01
   4.0900000e+02   1.8067982e-01   1.5491442e-01   1.4931790e-01   1.7024896e-01   1.7051717e-01   1.8915041e-01   2.0402257e-01   1.9444868e-01   2.1252692e-01
   4.1000000e+02   1.0873083e-01   1.4938533e-01   1.5483439e-01   1.7104866e-01   1.7851374e-01   1.8117543e-01   1.9997162e-01   1.9180635e-01   2.0867790e-01
   4.1100000e+02   1.3424318e-01   1.3132152e-01   1.5747928e-01   1.6572236e-01   1.7526688e-01   1.8647156e-01   1.9192434e-01   2.0291269e-01   2.1550560e-01
   4.1200000e+02   1.3422358e-01   1.3570928e-01   1.5274900e-01   1.7240294e-01   1.8384123e-01   1.8240553e-01   1.9114298e-01   2.0262263e-01   2.1481745e-01
   4.1300000e+02   1.0378281e-01   1.4956815e-01   1.5661568e-01   1.6851001e-01   1.7316434e-01   1.8672470e-01   1.9665304e-01   2.0374740e-01   2.2757253e-01
   4.1400000e+02   1.2534280e-01   1.6055475e-01   1.4656690e-01   1.6876362e-01   1.7203931e-01   1.8271518e-01   2.0761556e-01   1.9383796e-01   2.0438026e-01
   4.1500000e+02   1.2750223e-01   1.3800198e-01   1.5479033e-01   1.6470750e-01   1.7049310e-01   1.8585227e-01   1.9780582e-01   1.9606951e-01   2.0311523e-01
   4.1600000e+02   1.6973145e-01   1.4597726e-01   1.6558707e-01   1.6350523e-01   1.7607782e-01   1.8134154e-01   1.9797116e-01   1.9490088e-01   2.0516884e-01
   4.1700000e+02   1.0072682e-01   1.5465666e-01   1.4901806e-01   1.6531810e-01   1.7577292e-01   1.8775955e-01   2.0127058e-01   1.9017447e-01   2.1309982e-01
   4.1800000e+02   1.5317082e-01   1.4008529e-01   1.5637986e-01   1.7363802e-01   1.7155739e-01   1.8270833e-01   1.8921074e-01   1.9539467e-01   2.1493899e-01
   4.1900000e+02   1.3383598e-01   1.3431981e-01   1.5391114e-01   1.6575629e-01   1.7606031e-01   1.7926019e-01   1.9834978e-01   1.8683011e-01   2.1934942e-01
   4.2000000e+02   1.4199922e-01   1.4090254e-01   1.4942339e-01   1.6840740e-01   1.7488713e-01   1.8168456e-01   2.0627001e-01   1.9129462e-01   2.1350151e-01
   4.2100000e+02   1.2952732e-01   1.4335369e-01   1.4901781e-01   1.6242517e-01   1.7582037e-01   1.8458261e-01   1.9752757e-01   2.0267187e-01   2.0852502e-01
   4.2200000e+02   1.2825399e-01   1.4757771e-01   1.3852776e-01   1.6774224e-01   1.7455118e-01   1.7708379e-01   1.9614819e-01   1.8745692e-01   2.1264713e-01
   4.2300000e+02   1.1019970e-01   1.4356055e-01   1.5335112e-01   1.7007434e-01   1.7601076e-01   1.8472037e-01   1.9439978e-01   1.9643000e-01   2.0338722e-01
   4.2400000e+02   1.3185826e-01   1.3712229e-01   1.4457836e-01   1.6404772e-01   1.6984538e-01   1.7636630e-01   1.9646573e-01   1.9339976e-01   2.0588545e-01
   4.2500000e+02   1.3050789e-01   1.4299118e-01   1.5217055e-01   1.6130142e-01   1.7475448e-01   1.8132126e-01   1.9507750e-01   1.9638339e-01   1.9900559e-01
   4.2600000e+02   1.3387850e-01   1.5112025e-01   1.4429129e-01   1.7763868e-01   1.7258250e-01   1.8166487e-01   1.9085144e-01   1.8862051e-01   2.0197292e-01
   4.2700000e+02   1.1878630e-01   1.2289825e-01   1.4683339e-01   1.6453003e-01   1.6869653e-01   1.8031016e-01   1.9047237e-01   1.9006707e-01   2.1052697e-01
   4.2800000e+02   1.0827600e-01   1.3631260e-01   1.4808650e-01   1.5821711e-01   1.6807467e-01   1.7863336e-01   1.8961773e-01   1.8923267e-01   2.0516934e-01
   4.2900000e+02   1.1676411e-01   1.4284869e-01   1.4473255e-01   1.6905270e-01   1.6751088e-01   1.7470945e-01   1.9343486e-01   1.9300140e-01   2.0964391e-01
   4.3000000e+02   1.3197208e-01   1.3643770e-01   1.4369961e-01   1.6423445e-01   1.6401466e-01   1.7913590e-01   1.9077298e-01   1.9191124e-01   2.1175072e-01
   4.3100000e+02   1.1540917e-01   1.4118564e-01   1.3592366e-01   1.7183529e-01   1.6838754e-01   1.7657525e-01   1.8785348e-01   1.8733453e-01   1.9633754e-01
   4.3200000e+02             NaN   1.4240847e-01   1.4617542e-01   1.6637865e-01   1.6349902e-01   1.7859513e-01   1.9235239e-01   1.8406173e-01   2.0580066e-01
   4.3300000e+02   1.6053936e-01   1.4913701e-01   1.5025550e-01   1.6154180e-01   1.7393766e-01   1.7974315e-01   1.8718019e-01   1.8700229e-01   2.1244959e-01
   4.3400000e+02   1.1532538e-01   1.4513124e-01   1.4550752e-01   1.6482242e-01   1.7030265e-01   1.8124952e-01   1.9276053e-01   1.8968433e-01   2.1147596e-01
   4.3500000e+02   1.1808552e-01   1.4045149e-01   1.4720884e-01   1.6400764e-01   1.7024804e-01   1.7017768e-01   1.9314744e-01   1.8855706e-01   2.0456014e-01
   4.3600000e+02   1.6235354e-01   1.2947638e-01   1.4624907e-01   1.6686617e-01   1.6913156e-01   1.7444633e-01   1.9311302e-01   1.9222013e-01   2.0490206e-01
   4.3700000e+02   1.0728864e-01   1.4088158e-01   1.4078039e-01   1.6757053e-01   1.7012642e-01   1.6956654e-01   1.8942486e-01   1.8815378e-01   2.0372805e-01
   4.3800000e+02   1.2528996e-01   1.4339420e-01   1.4860819e-01   1.6348051e-01   1.7307479e-01   1.8046384e-01   1.9575038e-01   1.8927367e-01   2.0570983e-01
   4.3900000e+02   1.4838937e-01   1.3114723e-01   1.4142588e-01   1.6353233e-01   1.6514359e-01   1.7884457e-01   1.8712443e-01   1.9040503e-01   2.0293996e-01
   4.4000000e+02             NaN   1.4429908e-01   1.4033757e-01   1.5780544e-01   1.6249695e-01   1.7142058e-01   1.9370025e-01   1.8457713e-01   2.0793178e-01
   4.4100000e+02             NaN   1.3563544e-01   1.3823493e-01   1.5776920e-01   1.7027104e-01   1.7737612e-01   1.8785673e-01   1.8154490e-01   2.0960420e-01
   4.4200000e+02   1.5792749e-01   1.5213961e-01   1.4754076e-01   1.5967058e-01   1.7094108e-01   1.7069669e-01   1.8782079e-01   1.9050482e-01   2.0899020e-01
   4.4300000e+02   1.0211981e-01   1.3252208e-01   1.4137476e-01   1.6444294e-01   1.6474051e-01   1.7664508e-01   1.8775181e-01   1.7780353e-01   1.9976942e-01
   4.4400000e+02   1.2337027e-01   1.4433208e-01   1.3778769e-01   1.5870379e-01   1.6223768e-01   1.7170734e-01   1.8630379e-01   1.8711481e-01   1.9563524e-01
   4.4500000e+02   1.6071513e-01   1.3648184e-01   1.4269192e-01   1.5784822e-01   1.6545647e-01   1.7999815e-01   1.9266667e-01   1.8311725e-01   2.0586832e-01
   4.4600000e+02   1.2188551e-01   1.4307491e-01   1.4789215e-01   1.6066706e-01   1.6129964e-01   1.7028650e-01   1.8811054e-01   1.8302580e-01   2.0242222e-01
   4.4700000e+02   9.4137091e-02   1.3654910e-01   1.4804276e-01   1.5506474e-01   1.5751845e-01   1.6814783e-01   1.9217156e-01   1.8203537e-01   2.0681390e-01
   4.4800000e+02   1.4328618e-01   1.3641108e-01   1.4621805e-01   1.4562127e-01   1.6608908e-01   1.7548015e-01   1.8987234e-01   1.8441436e-01   2.0311077e-01
   4.4900000e+02   1.1118190e-01   1.3518265e-01   1.4495271e-01   1.5857426e-01   1.6915142e-01   1.7493880e-01   1.9019418e-01   1.8774424e-01   2.0470219e-01
   4.5000000e+02   1.0641401e-01   1.4273110e-01   1.4856255e-01   1.5453620e-01   1.6608096e-01   1.7395006e-01   1.8611067e-01   1.7813799e-01   2.1037992e-01
   4.5100000e+02   1.2740463e-01   1.3726002e-01   1.4977588e-01   1.4940783e-01   1.6514428e-01   1.6676091e-01   1.8512271e-01   1.8384551e-01   1.9388647e-01
   4.5200000e+02   1.1605562e-01   1.2662022e-01   1.4879731e-01   1.6574572e-01   1.6146853e-01   1.7252815e-01   1.8687836e-01   1.8081904e-01   2.0620713e-01
   4.5300000e+02   1.2779835e-01   1.3670021e-01   1.4745630e-01   1.5500051e-01   1.6023424e-01   1.7100931e-01   1.8868743e-01   1.8788079e-01   2.0698806e-01
   4.5400000e+02   1.3604989e-01   1.3175315e-01   1.4671852e-01   1.6358613e-01   1.6483572e-01   1.7023191e-01   1.9121301e-01   1.8748827e-01   2.1839084e-01
   4.5500000e+02   8.9891818e-02   1.3038382e-01   1.3876832e-01   1.5489750e-01   1.6321403e-01   1.6864600e-01   1.8077858e-01   1.7992174e-01   2.0730001e-01
   4.5600000e+02   1.1281706e-01   1.2641527e-01   1.4090612e-01   1.5643135e-01   1.6044311e-01   1.6619035e-01   1.8814772e-01   1.8591066e-01   1.9576270e-01
   4.5700000e+02   1.0407932e-01   1.3885317e-01   1.4051067e-01   1.5291180e-01   1.6132780e-01   1.7084655e-01   1.8122993e-01   1.8320304e-01   2.0627258e-01
   4.5800000e+02   8.3901840e-02   1.2198248e-01   1.2997357e-01   1.4736767e-01   1.6110322e-01   1.6886524e-01   1.7848796e-01   1.8931823e-01   2.0306292e-01
   4.5900000e+02   8.9515273e-02   1.3813160e-01   1.3173772e-01   1.5597745e-01   1.6901609e-01   1.6494239e-01   1.8885578e-01   1.7598534e-01   1.9332644e-01
   4.6000000e+02   1.1847765e-01   1.3551636e-01   1.4743624e-01   1.4993987e-01   1.6199157e-01   1.7815205e-01   1.8103295e-01   1.8262511e-01   1.9679776e-01
   4.6100000e+02   1.1493683e-01   1.4139627e-01   1.3265726e-01   1.5519715e-01   1.6480938e-01   1.7268822e-01   1.8269134e-01   1.8275916e-01   2.0303483e-01
   4.6200000e+02   1.2644743e-01   1.3884021e-01   1.4460976e-01   1.5877582e-01   1.5974914e-01   1.6972563e-01   1.7351386e-01   1.8269992e-01   2.0755245e-01
   4.6300000e+02   1.2881893e-01   1.2791834e-01   1.3346244e-01   1.5741077e-01   1.5816078e-01   1.6667107e-01   1.7770742e-01   1.7726352e-01   1.8429461e-01
   4.6400000e+02   8.3209638e-02   1.2236332e-01   1.3812935e-01   1.5767843e-01   1.5691459e-01   1.6357121e-01   1.7655704e-01   1.7659735e-01   1.8991185e-01
   4.6500000e+02   1.0225527e-01   1.4263906e-01   1.4119188e-01   1.5850418e-01   1.6064737e-01   1.6539520e-01   1.8205724e-01   1.7780225e-01   2.0835063e-01
   4.6600000e+02   1.1281791e-01   1.3131771e-01   1.2647461e-01   1.6336767e-01   1.5975291e-01   1.6168147e-01   1.8223160e-01   1.8342271e-01   1.8998138e-01
   4.6700000e+02   1.1213546e-01   1.4125655e-01   1.4706218e-01   1.5438613e-01   1.5545522e-01   1.6918033e-01   1.8368129e-01   1.7603586e-01   1.8730452e-01
   4.6800000e+02   1.0434094e-01   1.2722683e-01   1.4643437e-01   1.5953233e-01   1.6033107e-01   1.7109490e-01   1.8401972e-01   1.7728250e-01   1.9912095e-01
   4.6900000e+02   1.2318102e-01   1.3675588e-01   1.4098783e-01   1.5510137e-01   1.6225650e-01   1.6751835e-01   1.8260940e-01   1.7696523e-01   1.9429509e-01
   4.7000000e+02   1.7174345e-01   1.3575684e-01   1.3168241e-01   1.5026949e-01   1.5562229e-01   1.6354932e-01   1.7886636e-01   1.7118336e-01   1.9809662e-01
   4.7100000e+02   1.5966539e-01   1.3134092e-01   1.3854578e-01   1.5383772e-01   1.5645226e-01   1.6601799e-01   1.7792347e-01   1.8166392e-01   1.9861593e-01
   4.7200000e+02   9.0243132e-02   1.3730597e-01   1.4195012e-01   1.5774845e-01   1.5652458e-01   1.6626908e-01   1.8138340e-01   1.7426220e-01   1.8534304e-01
   4.7300000e+02   1.0359977e-01   1.2492161e-01   1.3832579e-01   1.4490515e-01   1.6342678e-01   1.6620914e-01   1.7580165e-01   1.7279709e-01   1.8462782e-01
   4.7400000e+02   1.0718389e-01   1.2275948e-01   1.5540928e-01   1.5171628e-01   1.5937014e-01   1.6533106e-01   1.8095046e-01   1.7354864e-01   1.9205776e-01
   4.7500000e+02   1.0296854e-01   1.3188043e-01   1.4337882e-01   1.5115079e-01   1.5388961e-01   1.6715754e-01   1.7559689e-01   1.8651640e-01   1.8094588e-01
   4.7600000e+02   1.2046773e-01   1.2473452e-01   1.3754179e-01   1.5626696e-01   1.5758443e-01   1.6919949e-01   1.8550570e-01   1.7503919e-01   1.9832710e-01
   4.7700000e+02   7.7744441e-02   1.3410392e-01   1.3317254e-01   1.5583262e-01   1.5318643e-01   1.5725447e-01   1.7152171e-01   1.7873104e-01   1.8207788e-01
   4.7800000e+02   1.1188472e-01   1.3091915e-01   1.4852815e-01   1.5715733e-01   1.5631756e-01   1.5955865e-01   1.7862749e-01   1.7602483e-01   1.9338384e-01
   4.7900000e+02   1.2750512e-01   1.2456715e-01   1.3825336e-01   1.5170572e-01   1.5564577e-01   1.6361136e-01   1.8147202e-01   1.7025902e-01   1.8227425e-01
   4.8000000e+02   1.0888758e-01   1.2427445e-01   1.3234392e-01   1.4409474e-01   1.5344251e-01   1.6059764e-01   1.8151169e-01   1.7743420e-01   1.8779252e-01
   4.8100000e+02   1.1080022e-01   1.2332334e-01   1.3104776e-01   1.5236399e-01   1.5579026e-01   1.6165377e-01   1.7075655e-01   1.7555102e-01   1.8951692e-01
   4.8200000e+02   1.2378466e-01   1.2956019e-01   1.3599199e-01   1.4808860e-01   1.5082984e-01   1.6349369e-01   1.7743772e-01   1.7172739e-01   2.0181063e-01
   4.8300000e+02   9.7748740e-02   1.2439138e-01   1.3349264e-01   1.4916667e-01   1.5620982e-01   1.5968857e-01   1.7401796e-01   1.7223411e-01   1.9081932e-01
   4.8400000e+02   1.1550051e-01   1.3058644e-01   1.3786386e-01   1.4515155e-01   1.5522709e-01   1.6551014e-01   1.7895011e-01   1.7728844e-01   1.8866315e-01
   4.8500000e+02   1.1616836e-01   1.4134713e-01   1.2554086e-01   1.5111157e-01   1.5031516e-01   1.5978431e-01   1.6897002e-01   1.7214837e-01   1.8700760e-01
   4.8600000e+02   6.6604783e-02   1.2663404e-01   1.3768183e-01   1.4987928e-01   1.4974719e-01   1.6086249e-01   1.7373874e-01   1.6943272e-01   1.8735542e-01
   4.8700000e+02   1.0641203e-01   1.2644989e-01   1.3538760e-01   1.5867652e-01   1.5293290e-01   1.6014855e-01   1.7373341e-01   1.6982956e-01   1.9148934e-01
   4.8800000e+02   1.2951868e-01   1.2540058e-01   1.2905186e-01   1.4417902e-01   1.5433815e-01   1.5518817e-01   1.7506763e-01   1.7637035e-01   1.8971153e-01
   4.8900000e+02   9.7812470e-02   1.4278553e-01   1.3077246e-01   1.5390055e-01   1.4764183e-01   1.6226933e-01   1.7921442e-01   1.8183251e-01   2.0022832e-01
   4.9000000e+02   1.0455040e-01   1.3683330e-01   1.2631278e-01   1.5172098e-01   1.5473297e-01   1.6018254e-01   1.8288094e-01   1.7358896e-01   1.8243884e-01
   4.9100000e+02   8.7455219e-02   1.2682229e-01   1.3803733e-01   1.5120385e-01   1.5212382e-01   1.6315267e-01   1.7558926e-01   1.6681766e-01   1.8514250e-01
   4.9200000e+02   9.4724521e-02   1.3115678e-01   1.3081821e-01   1.5314458e-01   1.5468893e-01   1.6397650e-01   1.7352243e-01   1.7821715e-01   1.8521017e-01
   4.9300000e+02   1.6182951e-01   1.3342435e-01   1.3451531e-01   1.4474837e-01   1.4712224e-01   1.6303728e-01   1.7840147e-01   1.6692889e-01   1.8763529e-01
   4.9400000e+02   1.0959344e-01   1.3236755e-01   1.3687291e-01   1.4800137e-01   1.5340913e-01   1.6331610e-01   1.7081753e-01   1.6910299e-01   1.8541301e-01
   4.9500000e+02   1.1862736e-01   1.2064337e-01   1.1386510e-01   1.5518214e-01   1.5244994e-01   1.6244021e-01   1.7004392e-01   1.7394817e-01   1.8493747e-01
   4.9600000e+02   1.1906528e-01   1.2162634e-01   1.2218990e-01   1.4296911e-01   1.5478090e-01   1.6084306e-01   1.7153957e-01   1.6858695e-01   1.9113934e-01
   4.9700000e+02   7.5608600e-02   1.3220418e-01   1.2331820e-01   1.5159401e-01   1.4732318e-01   1.6036720e-01   1.7108603e-01   1.6859030e-01   1.7209988e-01
   4.9800000e+02   1.0420019e-01   1.4202764e-01   1.3882465e-01   1.4820836e-01   1.4909905e-01   1.5922803e-01   1.6873778e-01   1.6785130e-01   1.7640302e-01
   4.9900000e+02   1.0272593e-01   1.2088374e-01   1.2162204e-01   1.4671604e-01   1.4697058e-01   1.5625082e-01   1.7079335e-01   1.7234281e-01   1.7328527e-01
   5.0000000e+02   1.1006914e-01   1.1936784e-01   1.2621866e-01   1.6247746e-01   1.5701436e-01   1.5661530e-01   1.6625481e-01   1.6771200e-01   1.8389321e-01
   5.0100000e+02   9.5343644e-02   1.3509823e-01   1.3232298e-01   1.4033232e-01   1.5692234e-01   1.6172548e-01   1.6981014e-01   1.6484228e-01   1.8952199e-01
   5.0200000e+02   1.2794396e-01   1.4583527e-01   1.2687092e-01   1.4193881e-01   1.4560098e-01   1.6005425e-01   1.7760799e-01   1.6920118e-01   1.8427486e-01
   5.0300000e+02   1.1107432e-01   1.2158511e-01   1.3097317e-01   1.4120968e-01   1.4826341e-01   1.5579776e-01   1.7442786e-01   1.7326109e-01   1.8691719e-01
   5.0400000e+02   9.6076775e-02   1.2459226e-01   1.3403439e-01   1.4245312e-01   1.4525607e-01   1.5518622e-01   1.7299606e-01   1.6488792e-01   1.8770968e-01
   5.0500000e+02   9.9733927e-02   1.2960159e-01   1.3005862e-01   1.4694701e-01   1.4641584e-01   1.5746677e-01   1.7307195e-01   1.6712247e-01   1.8769748e-01
   5.0600000e+02   1.0049719e-01   1.2391029e-01   1.4129032e-01   1.4910294e-01   1.4991976e-01   1.5608516e-01   1.7658918e-01   1.6897157e-01   1.9672899e-01
   5.0700000e+02   1.1768189e-01   1.2008522e-01   1.2841926e-01   1.4787042e-01   1.4121908e-01   1.5914433e-01   1.7175441e-01   1.7323036e-01   1.7944993e-01
   5.0800000e+02   1.0847621e-01   1.3040273e-01   1.3214898e-01   1.4402386e-01   1.4061456e-01   1.5310261e-01   1.6768088e-01   1.6340127e-01   1.6672783e-01
   5.0900000e+02             NaN   1.3234672e-01   1.2895423e-01   1.4280999e-01   1.4848810e-01   1.5964264e-01   1.7298369e-01   1.6348677e-01   1.9189697e-01
   5.1000000e+02   1.4739680e-01   1.2941235e-01   1.2911757e-01   1.4607258e-01   1.4459427e-01   1.5407810e-01   1.7600884e-01   1.6987000e-01   1.8878304e-01
   5.1100000e+02   1.0740286e-01   1.2376468e-01   1.2860440e-01   1.4262140e-01   1.4735339e-01   1.4863203e-01   1.6761489e-01   1.5540955e-01   1.7697185e-01
   5.1200000e+02   1.1389790e-01   1.0718834e-01   1.2716844e-01   1.4424228e-01   1.4922015e-01   1.5463827e-01   1.7748956e-01   1.6456409e-01   1.7813378e-01
   5.1300000e+02   1.2307309e-01   1.1522358e-01   1.2942955e-01   1.4333715e-01   1.4884524e-01   1.5344001e-01   1.6935714e-01   1.6751739e-01   1.8822298e-01
   5.1400000e+02   1.1282587e-01   1.3026554e-01   1.3702756e-01   1.4380275e-01   1.4902270e-01   1.4826452e-01   1.6114892e-01   1.5842817e-01   1.8261294e-01
   5.1500000e+02   1.1569296e-01   1.2625864e-01   1.3012110e-01   1.4249147e-01   1.4702147e-01   1.5495668e-01   1.7104824e-01   1.6926594e-01   1.7235571e-01
   5.1600000e+02             NaN   1.1519595e-01   1.3445113e-01   1.3592933e-01   1.5679640e-01   1.5429586e-01   1.6700985e-01   1.6402079e-01   1.7124954e-01
   5.1700000e+02   8.3511735e-02   1.2293795e-01   1.2011294e-01   1.4942978e-01   1.4786306e-01   1.5655373e-01   1.6341227e-01   1.6738986e-01   1.8056991e-01
   5.1800000e+02   8.3066782e-02   1.3083598e-01   1.3109231e-01   1.4057230e-01   1.5207688e-01   1.4925714e-01   1.6864053e-01   1.6151418e-01   1.9088602e-01
   5.1900000e+02   9.6077369e-02   1.0656944e-01   1.3555152e-01   1.4736906e-01   1.4658098e-01   1.6089734e-01   1.7654312e-01   1.6120298e-01   1.7923812e-01
   5.2000000e+02   1.1664987e-01   1.3319372e-01   1.4053345e-01   1.4468777e-01   1.4649869e-01   1.5620131e-01   1.6806479e-01   1.6671147e-01   1.7205687e-01
   5.2100000e+02   1.0832253e-01   1.1716827e-01   1.3652318e-01   1.4640794e-01   1.4382608e-01   1.5281993e-01   1.6838551e-01   1.5605040e-01   1.7556220e-01
   5.2200000e+02   7.5090905e-02   1.2260586e-01   1.3559491e-01   1.4629731e-01   1.4303458e-01   1.5428913e-01   1.6333345e-01   1.5737967e-01   1.6764052e-01
   5.2300000e+02   9.4753244e-02   1.2756588e-01   1.4483298e-01   1.4266189e-01   1.4624280e-01   1.5107040e-01   1.6180042e-01   1.5462240e-01   1.6827646e-01
   5.2400000e+02   8.0307268e-02   1.3187336e-01   1.2808698e-01   1.3420512e-01   1.5078112e-01   1.5689308e-01   1.6599380e-01   1.6501723e-01   1.9397255e-01
   5.2500000e+02   9.7203599e-02   1.3262124e-01   1.3553680e-01   1.4418649e-01   1.4917347e-01   1.5308830e-01   1.6473392e-01   1.6907612e-01   1.7859693e-01
   5.2600000e+02   8.9262195e-02   1.3995253e-01   1.2034348e-01   1.4515320e-01   1.4008265e-01   1.5271829e-01   1.6009863e-01   1.5611553e-01   1.7729540e-01
   5.2700000e+02   1.0165617e-01   1.2918878e-01   1.2448215e-01   1.3461207e-01   1.4720929e-01   1.4689986e-01   1.6752400e-01   1.6679074e-01   1.7645021e-01
   5.2800000e+02   7.8814128e-02   1.2734888e-01   1.3149890e-01   1.4259858e-01   1.4999074e-01   1.6410469e-01   1.6967643e-01   1.6064621e-01   1.7216830e-01
   5.2900000e+02   1.0062267e-01   1.1027609e-01   1.3022396e-01   1.3145333e-01   1.4974613e-01   1.4683540e-01   1.6254853e-01   1.6115094e-01   1.8027759e-01
   5.3000000e+02   8.6982459e-02   1.3735970e-01   1.2518217e-01   1.3852920e-01   1.4597520e-01   1.5008991e-01   1.6425830e-01   1.5879402e-01   1.8997780e-01
   5.3100000e+02   9.5489692e-02   1.2507060e-01   1.2914041e-01   1.4792164e-01   1.4708742e-01   1.5317520e-01   1.6725530e-01   1.6255869e-01   1.6980045e-01
   5.3200000e+02   7.8356198e-02   1.3566130e-01   1.2653203e-01   1.4659495e-01   1.4768373e-01   1.5646298e-01   1.6464030e-01   1.5933330e-01   1.8022801e-01
   5.3300000e+02   1.1666301e-01   1.1437355e-01   1.2679555e-01   1.5054714e-01   1.5114314e-01   1.5298948e-01   1.6888218e-01   1.6814679e-01   1.8277464e-01
   5.3400000e+02   8.9622308e-02   1.3514842e-01   1.3727822e-01   1.3993290e-01   1.4476244e-01   1.5302809e-01   1.6327399e-01   1.6085942e-01   1.8501245e-01
   5.3500000e+02   1.1975453e-01   1.3251317e-01   1.3060046e-01   1.3887264e-01   1.5373005e-01   1.4680662e-01   1.6796269e-01   1.6166815e-01   1.7289291e-01
   5.3600000e+02   1.3233163e-01   1.3682478e-01   1.2954642e-01   1.4742395e-01   1.4893309e-01   1.5709973e-01   1.6380257e-01   1.5588879e-01   1.8748733e-01
   5.3700000e+02   1.0573594e-01   1.2255116e-01   1.3387369e-01   1.4351365e-01   1.4226160e-01   1.4971742e-01   1.6773035e-01   1.6464124e-01   1.7312745e-01
   5.3800000e+02   9.8770195e-02   1.1933788e-01   1.2342530e-01   1.4150859e-01   1.4613650e-01   1.5412426e-01   1.6456424e-01   1.6998898e-01   1.7995586e-01
   5.3900000e+02   9.1003477e-02   1.2886765e-01   1.4201689e-01   1.3606879e-01   1.4472924e-01   1.5000280e-01   1.6509257e-01   1.6472177e-01   1.7683923e-01
   5.4000000e+02   1.0677193e-01   1.1490963e-01   1.2977655e-01   1.4271067e-01   1.5444500e-01   1.6115123e-01   1.6602239e-01   1.6256300e-01   1.7070974e-01
   5.4100000e+02   1.0951005e-01   1.2535874e-01   1.2712066e-01   1.5671841e-01   1.3766942e-01   1.5032670e-01   1.6169572e-01   1.6769910e-01   1.9488948e-01
   5.4200000e+02   1.0844176e-01   1.1341108e-01   1.2348806e-01   1.4105090e-01   1.4433767e-01   1.4814674e-01   1.6486541e-01   1.6482036e-01   1.7115870e-01
   5.4300000e+02   1.0862753e-01   1.3035471e-01   1.3288293e-01   1.4350790e-01   1.4951373e-01   1.5331179e-01   1.6366665e-01   1.6482175e-01   1.7485669e-01
   5.4400000e+02   1.1242668e-01   1.3030723e-01   1.3875750e-01   1.4628164e-01   1.4067383e-01   1.5171844e-01   1.6807699e-01   1.6747973e-01   1.8356730e-01
   5.4500000e+02   9.0937133e-02   1.2431594e-01   1.3143701e-01   1.4562609e-01   1.4246561e-01   1.4908212e-01   1.6133074e-01   1.6027780e-01   1.7688091e-01
   5.4600000e+02   1.2106750e-01   1.1333993e-01   1.2832040e-01   1.4490656e-01   1.4492878e-01   1.5005441e-01   1.5848386e-01   1.6080623e-01   1.7565998e-01
   5.4700000e+02   8.8053762e-02   1.3762676e-01   1.3450207e-01   1.3770672e-01   1.4604015e-01   1.5193283e-01   1.5993593e-01   1.6871662e-01   1.8505544e-01
   5.4800000e+02             NaN   1.0302609e-01   1.3496193e-01   1.4186274e-01   1.4853373e-01   1.4576226e-01   1.6353202e-01   1.5831902e-01   1.7649413e-01
   5.4900000e+02             NaN   1.2057932e-01   1.2522901e-01   1.4489350e-01   1.4139473e-01   1.5418650e-01   1.6437038e-01   1.5751235e-01   1.7529563e-01
   5.5000000e+02   1.1028941e-01   1.3284788e-01   1.2612757e-01   1.3599674e-01   1.4424939e-01   1.5467903e-01   1.5976064e-01   1.5879198e-01   1.8685832e-01
   5.5100000e+02   1.0917607e-01   1.2828933e-01   1.2638865e-01   1.4738782e-01   1.4595476e-01   1.4943616e-01   1.6129124e-01   1.4990039e-01   1.7606133e-01
   5.5200000e+02   1.0190201e-01   1.3794871e-01   1.3573909e-01   1.3657873e-01   1.4630180e-01   1.5330034e-01   1.6270691e-01   1.6011574e-01   1.7746299e-01
   5.5300000e+02   7.6156312e-02   1.2723222e-01   1.2003011e-01   1.3770895e-01   1.3552309e-01   1.4590427e-01   1.6710950e-01   1.5790519e-01   1.6752854e-01
   5.5400000e+02             NaN   1.4454947e-01   1.2390927e-01   1.3441315e-01   1.3922498e-01   1.4868600e-01   1.5391684e-01   1.5693455e-01   1.7255286e-01
   5.5500000e+02   1.0349890e-01   1.3141106e-01   1.2803598e-01   1.4665395e-01   1.4728367e-01   1.4993911e-01   1.6434461e-01   1.5652781e-01   1.7368842e-01
   5.5600000e+02   1.2270497e-01   1.1597456e-01   1.3014430e-01   1.4312489e-01   1.4773388e-01   1.5023352e-01   1.6272253e-01   1.6241816e-01   1.8274754e-01
   5.5700000e+02   8.3061489e-02   1.3100500e-01   1.2179403e-01   1.3919557e-01   1.4072061e-01   1.4795494e-01   1.6281961e-01   1.6599784e-01   1.6898679e-01
   5.5800000e+02             NaN   1.2899065e-01   1.3382744e-01   1.3749957e-01   1.4583610e-01   1.5570111e-01   1.6027918e-01   1.5183395e-01   1.7507760e-01
   5.5900000e+02   1.1268918e-01   1.2218259e-01   1.2594532e-01   1.3896237e-01   1.3973952e-01   1.4648487e-01   1.6314783e-01   1.5719022e-01   1.8090509e-01
   5.6000000e+02   1.0319778e-01   1.1876018e-01   1.2779900e-01   1.4160107e-01   1.4783154e-01   1.5367990e-01   1.6236366e-01   1.6701628e-01   1.7860164e-01
   5.6100000e+02   1.2059041e-01   1.0121578e-01   1.2730972e-01   1.3681678e-01   1.3776000e-01   1.4800250e-01   1.6355074e-01   1.6041584e-01   1.9182021e-01
   5.6200000e+02   9.5542436e-02   1.3124528e-01   1.3779672e-01   1.4527774e-01   1.3853082e-01   1.5008382e-01   1.5658457e-01   1.5434331e-01   1.7117857e-01
   5.6300000e+02   1.1026073e-01   1.2597143e-01   1.2562645e-01   1.3868498e-01   1.4529603e-01   1.4560152e-01   1.6743258e-01   1.6061757e-01   1.7127700e-01
   5.6400000e+02   9.0392587e-02   1.2953363e-01   1.2780255e-01   1.3843980e-01   1.4735133e-01   1.5790484e-01   1.5893677e-01   1.6227531e-01   1.8810408e-01
   5.6500000e+02   1.2716640e-01   1.0681122e-01   1.2205503e-01   1.4409297e-01   1.4279789e-01   1.4703125e-01   1.6907661e-01   1.5534961e-01   1.7980960e-01
   5.6600000e+02   1.0453804e-01   1.1242215e-01   1.2746419e-01   1.3539392e-01   1.4144114e-01   1.4920641e-01   1.6418711e-01   1.6047054e-01   1.8302226e-01
   5.6700000e+02   1.0281903e-01   1.2626673e-01   1.1836579e-01   1.4120285e-01   1.3704135e-01   1.4336131e-01   1.5486460e-01   1.5571161e-01   1.6633526e-01
   5.6800000e+02   1.0492369e-01   1.2549618e-01   1.3833516e-01   1.3747484e-01   1.4041181e-01   1.4654282e-01   1.6587543e-01   1.5332944e-01   1.7791016e-01
   5.6900000e+02   1.2061773e-01   1.0544294e-01   1.3201255e-01   1.3871378e-01   1.4360440e-01   1.4517581e-01   1.6449880e-01   1.6216148e-01   1.7372925e-01
   5.7000000e+02   1.3985159e-01   1.1824259e-01   1.2098408e-01   1.3101386e-01   1.4726354e-01   1.4296311e-01   1.6217996e-01   1.5525119e-01   1.6656082e-01
   5.7100000e+02   1.0578391e-01   1.1219930e-01   1.3417117e-01   1.4163543e-01   1.3573016e-01   1.4235632e-01   1.5412306e-01   1.5962284e-01   1.7040115e-01
   5.7200000e+02             NaN   1.3631564e-01   1.2262025e-01   1.4009798e-01   1.3995468e-01   1.4596585e-01   1.5815232e-01   1.5116943e-01   1.6893373e-01
   5.7300000e+02   8.7567064e-02   1.2968741e-01   1.1786203e-01   1.4114709e-01   1.4166117e-01   1.4378355e-01   1.5777081e-01   1.6565492e-01   1.6578719e-01
   5.7400000e+02   9.5610877e-02   1.1621460e-01   1.3285999e-01   1.3893530e-01   1.4249719e-01   1.5233065e-01   1.5719929e-01   1.5007495e-01   1.7238276e-01
   5.7500000e+02   1.2486677e-01   1.1958078e-01   1.2899286e-01   1.3760840e-01   1.4122932e-01   1.4571034e-01   1.5629329e-01   1.5289749e-01   1.7130225e-01
   5.7600000e+02   9.6752631e-02   1.2587464e-01   1.3470770e-01   1.3192698e-01   1.3788919e-01   1.5043071e-01   1.6270357e-01   1.5813955e-01   1.6870907e-01
   5.7700000e+02   8.6811276e-02   1.1437465e-01   1.2009574e-01   1.3814824e-01   1.4107721e-01   1.4076524e-01   1.6244717e-01   1.5629146e-01   1.6125520e-01
   5.7800000e+02   1.1635460e-01   1.2970315e-01   1.2352210e-01   1.4275562e-01   1.4024136e-01   1.5492389e-01   1.5693585e-01   1.4843713e-01   1.8423482e-01
   5.7900000e+02   8.8482428e-02   1.2382892e-01   1.3060616e-01   1.4158996e-01   1.3649372e-01   1.4206491e-01   1.6599585e-01   1.5627380e-01   1.7546309e-01
   5.8000000e+02   7.5573468e-02   1.1729639e-01   1.1287148e-01   1.3830999e-01   1.3649405e-01   1.3946822e-01   1.6029663e-01   1.4421806e-01   1.6019296e-01
   5.8100000e+02   9.8365170e-02   1.1890880e-01   1.1212940e-01   1.3254358e-01   1.4606049e-01   1.4302550e-01   1.6030967e-01   1.5862169e-01   1.8246737e-01
   5.8200000e+02   1.2748388e-01   1.2744526e-01   1.1419015e-01   1.3327210e-01   1.4048148e-01   1.4716490e-01   1.5306539e-01   1.5657298e-01   1.8264739e-01
   5.8300000e+02   9.1765063e-02   1.2206026e-01   1.2738645e-01   1.2508407e-01   1.4664268e-01   1.5239351e-01   1.5911534e-01   1.4946116e-01   1.7102868e-01
   5.8400000e+02   1.1242445e-01   1.2560302e-01   1.1904789e-01   1.3543051e-01   1.4231047e-01   1.4803594e-01   1.5694421e-01   1.5515541e-01   1.7089201e-01
   5.8500000e+02   6.4937643e-02   1.2071652e-01   1.3320457e-01   1.3530558e-01   1.4607649e-01   1.4774704e-01   1.5820369e-01   1.5036509e-01   1.8133828e-01
   5.8600000e+02   1.5296876e-01   1.3322222e-01   1.3391149e-01   1.3727379e-01   1.3865662e-01   1.4705498e-01   1.5899945e-01   1.5365956e-01   1.7381154e-01
   5.8700000e+02   1.0398572e-01   1.3188636e-01   1.2815344e-01   1.4079165e-01   1.3051551e-01   1.4837302e-01   1.6573708e-01   1.5855365e-01   1.7472640e-01
   5.8800000e+02   1.1048198e-01   1.3142777e-01   1.2398093e-01   1.4194871e-01   1.3225239e-01   1.4161507e-01   1.6311086e-01   1.5412297e-01   1.7384550e-01
   5.8900000e+02   9.7464069e-02   1.1319373e-01   1.2686374e-01   1.2881355e-01   1.3749149e-01   1.5243767e-01   1.5793571e-01   1.5351144e-01   1.7170998e-01
   5.9000000e+02             NaN   1.0852526e-01   1.3624853e-01   1.4429744e-01   1.4704790e-01   1.4125863e-01   1.5186188e-01   1.6267337e-01   1.7528026e-01
   5.9100000e+02   1.0127415e-01   1.2985819e-01   1.2255765e-01   1.3464743e-01   1.4097622e-01   1.4541570e-01   1.5306544e-01   1.5748904e-01   1.6876553e-01
   5.9200000e+02   1.3712658e-01   1.1586216e-01   1.2464267e-01   1.3654569e-01   1.3856548e-01   1.4630892e-01   1.5719374e-01   1.5202921e-01   1.7641366e-01
   5.9300000e+02   8.7811468e-02   1.2586446e-01   1.2824177e-01   1.2456309e-01   1.3766933e-01   1.3963090e-01   1.6091263e-01   1.4575461e-01   1.6401974e-01
   5.9400000e+02   9.1565149e-02   1.1933572e-01   1.2187643e-01   1.3599341e-01   1.4205124e-01   1.4641436e-01   1.5964924e-01   1.5048281e-01   1.7059430e-01
   5.9500000e+02   1.2322727e-01   1.2877720e-01   1.3358821e-01   1.3235113e-01   1.3665681e-01   1.4680360e-01   1.5355141e-01   1.6063781e-01   1.5829433e-01
   5.9600000e+02   1.3139406e-01   1.1798442e-01   1.1173478e-01   1.2762389e-01   1.4306112e-01   1.4754133e-01   1.6380446e-01   1.5668769e-01   1.7007413e-01
   5.9700000e+02   1.2005025e-01   1.1971558e-01   1.2955006e-01   1.3243123e-01   1.3755573e-01   1.4266051e-01   1.5628316e-01   1.4903817e-01   1.7259547e-01
   5.9800000e+02   1.1517018e-01   1.2079166e-01   1.2238649e-01   1.3314325e-01   1.3495593e-01   1.4804864e-01   1.6055806e-01   1.6301425e-01   1.6868935e-01
